4.10579
4.18504
3.93888
4.08823
4.09465
4.10959
4.30472
4.5883
3.70407
4.37949
3.99676
4.02887
3.59583
3.80566
4.25723
4.22555
3.97588
4.12867
3.67449
3.71699
3.85917
4.33764
4.3946
4.32301
4.06454
4.14328
4.11244
3.93385
4.26402
3.85212
3.86508
3.91167
3.67439
4.5212
3.91776
4.39585
4.02338
4.15295
3.77097
3.65358
4.16042
4.26973
3.89592
4.16491
4.3049
4.29194
3.94735
3.96149
3.9163
3.7836
4.00344
4.17992
3.76287
4.18291
4.15322
4.07447
4.26407
4.28187
3.887
3.86863
3.9701
4.2209
4.11786
4.20965
3.98052
3.73448
3.82994
4.32757
4.06809
3.72359
3.97771
4.1169
4.03848
4.24179
4.0207
4.06331
4.06814
3.89863
4.42525
3.70101
4.40103
4.10772
4.1886
3.86544
4.04077
4.21917
4.2101
4.25884
3.88544
4.06589
4.19549
4.15022
3.68923
4.43468
4.30587
4.31301
4.24552
3.9667
4.00576
4.13944
4.06378
3.82605
4.50409
3.98184
4.23962
4.34799
4.28914
3.73005
4.14341
4.27104
4.18434
4.03907
3.78236
3.93509
4.34151
4.07979
3.50897
4.23545
4.22
3.49052
4.15709
4.07604
4.09967
3.97191
4.35544
3.86166
3.75422
3.97372
4.66775
4.0279
4.04042
4.15422
4.5778
3.83622
4.01492
3.77956
4.18777
4.3393
4.10716
3.8303
4.15702
4.11134
4.25575
4.3546
4.32096
4.51768
3.87007
4.17172
4.18312
3.99023
4.1449
3.96765
3.82372
3.89231
4.02865
4.28432
3.97528
3.9028
4.26105
4.18764
3.94801
4.73584
3.77162
4.21292
4.05104
4.31529
4.10071
4.05778
3.67352
4.13011
3.83583
4.44187
3.94659
4.26958
3.97148
4.24615
4.38384
3.76442
3.77574
3.95287
4.58677
4.01483
4.15984
3.91501
4.45899
3.7419
3.8322
3.85691
4.52415
3.52741
4.35673
4.30914
4.21177
3.38714
4.35837
3.86203
4.21181
4.05489
4.43523
4.09399
3.93113
4.13313
3.78989
4.45776
4.43472
3.80486
4.16065
3.90198
4.28732
4.09081
4.64636
4.24145
4.14219
3.90049
4.43572
3.87073
4.39133
4.1295
3.69005
4.47056
4.23026
3.80329
4.002
4.46176
4.08757
3.97586
3.92049
3.93575
4.05313
3.87494
4.23234
4.61908
4.45879
3.92078
4.0691
3.62865
4.00333
3.85434
4.10251
3.94934
4.62332
3.97938
4.01758
3.59565
4.08156
4.15208
4.21185
4.1109
4.11161
4.55986
3.84569
4.13326
3.73501
3.86524
4.13551
3.78701
3.90204
3.85939
3.94205
3.78289
4.35849
4.2368
4.02068
3.76452
4.15128
3.83977
4.12096
3.80937
3.82893
3.84037
4.2969
4.2038
3.73447
4.31186
4.00418
4.07914
4.00169
4.30401
4.07783
3.88616
4.14241
4.3119
4.14184
4.07923
3.7886
3.84898
3.85336
4.16548
3.82524
4.43186
4.08128
3.94652
4.15888
4.07781
4.09491
4.11361
4.21942
4.23985
4.09911
3.76753
4.5636
3.99589
3.97317
4.01982
4.19888
4.24802
3.92957
3.97546
3.5624
4.48086
4.06473
3.78129
3.94068
3.98162
4.09657
4.03783
3.92445
4.19958
3.64882
4.14992
4.22853
4.03848
3.9797
4.19494
4.06893
4.12682
3.83441
4.19913
4.19179
3.69156
3.81087
3.74957
4.19998
4.35886
4.00883
4.26286
3.9504
4.04552
3.8756
3.81278
4.32251
4.12205
3.64242
3.96889
4.55739
4.31912
4.1237
4.06144
4.3486
3.63013
4.11257
4.03812
4.30369
4.24933
3.92796
4.24858
4.26593
3.83005
4.25102
4.26748
4.40249
4.80427
3.63659
3.76874
4.00624
3.75383
4.12596
3.98643
4.19159
4.52089
4.46283
4.35193
4.09703
4.30284
3.94069
4.11777
4.04591
4.02101
3.86293
4.02098
4.35749
3.99726
3.79767
4.22566
4.20644
4.0352
3.70441
4.26663
4.14669
4.07354
4.46915
4.13228
4.18088
4.15158
4.57813
3.91968
3.85572
4.01692
3.83218
3.92606
4.11362
3.8028
4.21556
4.05618
3.96766
4.14007
3.84798
4.08409
3.70565
4.18325
3.89838
4.10839
3.79776
4.3738
3.46353
3.94066
4.37457
4.3917
4.28212
4.00156
4.18136
3.81902
4.23698
3.90662
4.22827
3.72255
3.85427
3.90641
4.20302
4.21329
4.25797
4.27332
4.38738
3.87367
4.25653
4.03883
4.42567
4.31506
4.06475
3.75588
4.46668
3.67137
4.16209
4.16977
3.90424
3.96464
4.08854
3.93501
4.17675
3.76026
3.81988
3.69575
4.37876
3.82431
4.30105
3.78748
4.38249
4.24651
4.13064
4.25833
4.38202
3.74378
4.01721
3.97885
4.32558
4.37751
3.75733
4.084
4.4194
3.95784
3.83559
4.54679
4.04896
4.26634
4.25279
4.41699
4.31503
3.96968
3.88441
4.47908
4.18191
3.85829
4.59407
3.95396
4.10755
4.18995
3.60292
4.19138
4.00171
3.87684
4.18572
3.97002
4.45451
4.30178
3.73669
3.56205
3.78764
3.88426
3.88116
3.85611
4.02234
3.89263
4.06315
4.37607
4.41293
4.37655
4.36663
4.55082
4.22957
4.18336
4.26768
3.97892
4.08492
4.1013
4.27734
4.18371
4.26272
4.05586
4.07162
3.53499
4.00854
4.01751
3.87298
3.87415
3.86654
4.30797
4.18356
4.11828
4.50519
4.35926
4.2381
3.61672
3.74254
3.81398
4.11983
4.28346
3.66509
3.74054
4.29161
3.82474
4.10363
3.85114
4.26941
4.63017
4.07274
4.3304
4.40967
4.24461
4.39419
4.46866
4.07707
3.89806
4.05625
3.96767
3.615
4.02275
3.91592
3.93167
4.04641
4.33012
4.03329
4.0857
4.15262
3.97539
4.2404
4.01997
3.82823
4.31829
4.24867
3.70773
4.18802
3.95528
4.43154
4.24592
4.32933
4.38227
4.04093
3.79497
4.11354
3.86141
4.48276
4.22919
4.34612
4.14326
3.36294
4.23597
3.6378
4.23542
3.96428
4.11353
4.43088
3.79599
3.89148
4.38063
4.00428
3.83214
4.33152
4.43784
3.72189
3.92293
4.47251
3.68092
4.30619
3.93305
3.94112
4.05564
4.50596
3.92862
4.52271
4.01548
4.08691
4.53619
4.17997
4.21164
3.9276
4.33557
3.69981
4.25874
4.19234
3.9027
4.05442
4.35281
3.93224
3.75516
4.32167
4.14729
4.40722
3.91481
3.53027
3.87527
4.05566
4.18633
4.18668
4.28554
3.96435
4.25693
3.80053
3.68619
3.92616
4.39982
3.79412
4.02287
4.3182
4.24491
3.80059
4.09058
3.91522
4.02903
4.14693
3.92315
4.21199
3.81863
4.09556
3.97747
4.1703
4.14512
4.18192
4.2647
4.24947
3.99409
3.84449
3.76235
3.98521
4.20915
4.179
3.98705
4.01103
3.77445
4.09372
4.05043
3.76702
4.13192
4.04898
4.20681
4.06814
4.38907
4.60168
4.12854
3.90736
3.8147
4.20343
4.18684
4.27981
4.05548
3.91177
3.57118
3.97647
3.75438
3.98091
4.38799
3.66989
4.50288
4.34292
4.11188
4.07572
3.88515
4.23285
3.83514
3.89181
4.02815
3.83479
3.96839
4.13241
3.96112
4.13462
4.15539
3.96189
4.28228
4.37899
4.22368
4.29591
4.42953
3.72884
4.06268
4.57143
4.03598
3.99863
3.74821
3.9768
3.78671
4.33961
4.12675
3.95077
4.15815
4.33352
4.20829
3.73096
4.31467
3.55891
3.95528
3.87818
3.7628
4.27187
3.94377
3.55058
3.9529
3.77719
4.0246
4.07686
4.17049
4.06328
3.9301
4.17903
4.28089
3.94924
4.26942
4.03481
4.13217
3.81331
3.74533
4.10114
4.20402
4.26989
3.90352
3.96121
4.06985
4.35906
3.83367
4.25254
4.12322
4.21655
4.41305
4.20492
4.13133
4.26349
3.77921
3.95759
4.15872
3.80394
4.2478
4.05328
4.31043
4.16778
3.68668
3.9318
4.00084
4.23994
4.1668
3.89016
4.03621
4.10204
3.99334
3.88467
3.94512
4.77756
3.77019
3.7821
4.20368
4.5871
4.54471
3.72196
3.88249
3.91754
4.31135
4.31771
4.13541
4.44119
4.13256
4.24383
4.2285
4.43415
3.73804
4.3337
4.23839
4.25109
4.0934
4.14052
3.73555
3.72742
4.02576
4.05885
4.32381
3.98614
4.18684
4.44247
3.72188
4.10876
4.0894
4.15743
3.89618
4.17152
3.87666
4.16394
4.19592
4.20904
4.20716
3.92282
4.10666
4.25188
4.52059
4.14775
4.36349
4.39171
4.41241
4.43147
4.28742
3.88586
3.86907
4.30079
4.49573
4.02133
4.09717
4.08243
3.90903
3.90155
4.24467
3.75033
3.72093
3.61848
4.2532
3.87126
4.00376
4.15975
4.27826
4.00741
4.42432
3.76814
4.13685
3.93119
3.91947
4.32799
4.10926
3.72333
4.03994
4.19872
4.44535
4.05123
4.10938
3.83365
3.79704
3.82529
3.95268
4.28938
4.10756
3.92935
4.0128
4.14489
4.36056
4.60708
4.17796
4.17865
4.34096
4.14755
4.21459
4.11572
4.05859
3.6488
3.30744
4.12256
4.20902
3.64499
4.29045
4.28128
3.80858
3.96735
3.646
3.68383
3.90809
3.98041
3.69048
3.5349
3.53266
3.89332
4.16689
3.91646
4.33485
4.24923
4.0496
4.56953
4.12375
4.04803
4.14356
4.15678
3.83006
3.99788
3.84932
4.20828
4.58226
4.39083
3.91852
4.18957
4.03852
4.0623
4.31399
4.18028
4.37383
4.39671
3.97461
4.14906
3.97657
4.04453
4.41017
3.99135
4.25882
3.97313
3.65213
4.04326
3.62835
4.2716
4.12736
3.82125
3.77151
4.34914
3.88084
4.20779
4.23076
3.81236
4.39994
3.9173
4.16947
4.17082
4.10456
3.88202
3.72239
3.758
4.26902
4.41966
4.31078
3.87154
3.88086
3.85438
4.33653
3.52936
4.13332
3.76862
3.82144
3.58082
3.88191
4.06685
3.8832
3.71066
3.90359
4.27316
3.78888
4.60987
4.40193
3.95886
4.38736
3.95946
4.06082
4.0458
3.80616
3.85687
4.06389
4.47472
4.42465
4.069
3.84058
4.05837
4.0645
3.85573
4.22475
3.47543
4.14632
3.85866
4.28939
3.7863
4.53541
4.24269
3.74563
4.18256
4.26471
4.22611
4.10231
3.80209
4.06749
4.20566
4.52287
4.00708
4.22109
4.13856
3.61007
4.11222
4.17041
3.83401
4.36884
4.26721
4.01616
4.11142
4.24019
4.16534
3.88902
3.97164
4.01666
4.02974
4.29563
4.29877
3.90437
4.21027
3.77743
4.16248
3.82903
3.84462
4.07861
4.13953
4.05231
3.85062
3.75017
4.13059
4.13969
4.44503
4.04265
3.98852
3.83855
3.84254
4.12729
4.04157
4.26613
3.68518
4.12672
3.61986
4.02187
3.86149
4.30433
3.8754
4.11083
3.98951
4.26387
4.38219
3.96882
4.02362
3.97664
4.0435
4.0044
4.47346
4.16499
4.47692
4.17375
3.9919
4.21891
3.98687
4.16895
3.91632
4.03401
4.05507
4.38117
4.38626
4.2801
4.10747
4.19302
4.05029
3.68473
3.88938
4.1535
4.15781
4.51147
4.44448
4.0722
4.48133
4.11946
4.16104
3.43457
3.80079
4.17597
4.31523
3.94585
4.15986
3.98059
4.03904
4.11684
4.53369
4.08413
4.21143
4.02642
4.25233
4.44625
4.30386
4.21068
3.45864
3.76087
3.75194
4.35822
3.92699
3.97303
4.44398
4.66096
3.88503
3.68537
3.5703
4.17113
3.86484
3.94451
4.60364
3.57337
4.31212
3.90898
3.93918
3.90046
4.40025
4.05582
4.16356
4.53551
3.78828
4.17501
4.13685
4.12517
3.86299
4.33315
3.77599
3.93473
4.07163
4.17853
4.18208
4.65115
4.07343
4.02442
3.98525
3.68146
3.99963
4.18106
3.91317
3.8783
4.47165
3.97665
4.37182
4.57049
3.54863
3.97593
4.34354
4.12925
4.04791
3.73551
4.21865
3.80734
3.72201
4.34499
4.02646
4.23817
3.95018
4.25644
3.68584
3.8085
3.91597
3.79543
4.14391
4.34304
4.21189
4.22245
3.97108
3.47077
3.93634
4.34975
4.28869
4.25428
4.10646
4.23055
4.82286
4.11234
4.11293
3.90215
3.9524
3.90403
4.00022
4.24763
4.04682
3.78704
4.08206
4.09714
3.75834
4.06221
4.27716
3.9661
4.00466
3.95443
4.2941
4.34648
3.98567
3.84257
4.34398
4.03469
4.10729
3.7517
4.00191
4.35086
4.23037
3.90094
3.83206
4.91194
4.18643
4.43684
4.03121
4.29685
4.37455
4.06243
4.37118
4.20386
3.98899
4.14151
3.68943
3.89946
3.97901
4.09826
4.03348
4.37367
4.2424
3.89603
4.20027
4.319
4.06891
3.90062
4.43736
4.14221
3.83561
4.28488
4.11364
4.36887
4.00009
4.46523
4.38586
3.7004
4.07163
4.06679
4.52167
3.71035
3.84173
3.74412
4.34951
4.11192
4.29129
4.10029
4.00439
4.2852
3.93932
3.88202
3.90057
3.97741
3.89797
4.33418
4.26266
3.73627
3.8913
4.23339
3.93958
4.00127
3.55198
4.09342
3.78095
3.98394
3.801
4.48394
3.62851
3.97883
4.20014
3.81782
4.2512
3.84223
4.02719
4.20383
4.00092
3.8431
4.02373
3.96021
3.96114
4.06907
3.89727
4.18691
4.07483
4.22702
4.23065
4.21774
4.28946
4.41995
3.83362
4.39891
3.79385
3.75913
3.79487
4.19411
4.1728
4.39798
3.98986
4.06193
3.67294
4.2385
4.11076
3.8807
3.76725
3.9558
4.49245
4.14448
4.50886
3.98831
4.12099
3.7286
4.35771
4.26666
3.75835
3.96851
4.29053
3.94782
4.19614
4.12662
4.17767
4.21556
4.20993
4.02829
3.74943
3.84321
4.0928
3.85895
4.23932
4.145
4.10911
4.34437
4.31655
4.09938
3.7766
3.92741
4.0708
3.87641
3.92373
4.24942
4.05958
4.12174
3.70546
4.14751
4.08725
4.44646
3.57494
3.85206
4.20113
4.11557
4.11735
4.04143
4.39281
4.15307
4.03203
4.18479
3.75213
3.85684
3.80081
4.25009
3.89709
4.14501
3.96857
4.26054
3.85892
4.42032
4.34948
4.09694
4.15652
3.9987
4.25827
4.08565
4.30104
4.20039
4.12112
3.78294
4.1393
4.39913
4.46718
4.05715
4.85457
4.09367
4.16622
4.21217
3.83171
4.10741
4.22605
3.92672
4.21717
4.02615
4.34355
4.07822
4.40462
3.95302
3.97028
4.30081
3.89863
3.76806
3.94857
4.23398
4.04936
4.08951
4.28814
3.76658
4.03824
3.94306
4.66614
4.24127
3.83434
4.05691
4.28635
3.93089
4.08386
3.94075
4.17371
3.78467
4.27224
3.86862
4.0295
3.67977
4.31814
4.3091
4.00411
4.57779
4.00581
3.78038
4.52841
4.18116
3.95656
4.53646
3.88133
3.93507
4.60823
4.24423
3.87786
4.40316
4.1727
3.90612
4.26018
4.42476
4.50901
3.94686
3.56572
3.69279
3.99809
3.93116
4.07475
3.97453
3.71173
4.39991
3.78992
4.19899
4.40672
4.03319
4.14969
4.30606
4.0687
3.93917
3.68666
3.83056
4.21101
4.27203
4.22607
3.73931
4.15399
3.65919
4.23888
3.5169
4.03712
4.27344
3.97191
4.19312
3.97149
4.25598
3.95183
4.04962
4.29536
4.04101
3.84651
4.16825
4.00669
3.94175
3.86465
4.37176
3.93554
4.0937
3.89072
4.02661
4.03689
3.82962
4.20399
3.89019
4.15664
4.20424
4.28036
3.9117
3.86308
3.9939
4.11004
4.02793
3.8928
4.08546
4.39092
3.94927
4.27603
4.16237
3.98485
3.94373
4.36501
4.09866
4.19504
4.2679
4.30993
4.39915
4.07006
3.88076
4.20439
3.61365
4.25992
4.02615
3.82794
3.90352
3.84644
4.52825
4.20429
3.77489
3.86468
4.04077
4.18659
4.2924
4.55007
4.01035
4.15319
4.24115
4.2787
4.26111
3.56109
3.77171
4.32361
4.22338
4.49287
3.85339
4.14415
4.33321
4.31862
3.53208
3.97342
4.17731
4.18236
4.28653
3.66971
4.29785
4.31702
4.15195
3.91889
4.23649
4.38675
4.10628
3.81924
3.86449
4.28485
4.43392
4.2568
3.99186
3.81071
4.39934
3.88721
4.10453
4.49782
3.81012
3.97476
3.79133
3.99228
4.39284
4.11777
4.54455
4.17806
4.11061
4.30474
4.15698
4.38027
3.92392
3.64662
3.75787
3.87247
4.30065
3.7916
3.90215
4.44571
3.87283
4.17929
4.09503
3.92052
4.50042
4.16278
4.38973
4.22391
4.17936
4.31913
4.24679
4.28496
4.03428
4.16163
3.87513
4.04194
4.13663
4.27884
4.36002
4.33465
4.24549
4.21984
3.7272
3.84947
4.06495
4.17862
3.95648
4.22579
4.55925
4.01649
4.6078
4.06282
4.19024
4.3393
3.98645
4.23656
4.27261
3.90508
4.03643
4.57945
4.47685
4.13308
4.15861
3.68549
4.21151
4.29377
4.40803
4.1796
4.17531
3.68986
4.23725
4.08268
3.77674
4.29458
4.20038
4.21589
4.35035
4.33501
4.11496
4.327
3.66358
4.33118
3.79896
3.99238
4.38751
4.53155
4.37177
4.48012
3.8104
4.02486
4.47954
4.29576
4.04109
3.94132
3.63903
3.99598
4.23102
3.84491
3.63237
3.80617
4.3515
4.05724
4.26443
3.61998
3.87555
4.0624
4.34108
4.08941
4.41039
4.24067
4.13039
3.86017
4.1075
3.63873
4.39684
4.53726
3.90855
4.20707
4.02057
3.46263
3.65397
4.03643
4.04255
4.00589
4.20393
3.60539
3.59919
4.41331
4.13495
3.99326
3.59351
3.89815
4.07989
4.21914
4.01698
4.09624
4.10693
3.81333
4.20312
3.7644
3.75836
4.31618
4.12639
4.19018
4.02211
4.39501
4.36274
3.55844
3.69814
3.88601
3.9477
3.84954
4.11604
4.18496
4.05814
3.90265
4.21118
3.582
4.25872
3.69183
4.09668
3.6176
4.19298
3.88283
4.08998
4.2822
4.10844
4.34422
4.18133
4.01338
4.11385
3.82192
3.81698
4.08077
4.41998
4.09885
4.08913
3.65507
3.943
4.31592
3.86711
4.6025
3.93512
4.85315
3.98768
4.03935
4.01701
3.8705
4.06532
4.29036
3.91748
4.1881
3.92901
4.21398
3.8851
4.22273
3.82096
4.11591
3.99511
3.96779
3.76473
4.36788
3.77863
4.13723
4.00521
4.1766
3.97282
4.06274
4.14044
3.8054
3.98021
4.19693
3.80588
3.83317
4.04849
4.13347
3.79028
3.64034
3.91123
4.09284
3.95971
4.28917
4.2273
3.85106
4.22654
4.45404
4.38814
4.30995
4.35336
3.93894
3.96454
3.72931
4.16171
4.44016
4.17758
3.54394
3.92668
4.35781
4.55457
4.28102
4.18162
3.69583
4.30835
3.85058
4.39314
3.86133
4.25134
4.68623
4.05681
4.29559
3.74782
3.71948
4.03347
3.93411
4.31338
4.20016
3.60404
3.94506
3.94822
3.87409
3.99675
3.56636
4.70161
3.52757
4.05314
4.1289
3.87744
3.92489
3.71172
4.21774
3.83515
4.12387
4.09763
3.75007
4.04773
4.46733
4.21882
4.39973
3.86207
4.33857
3.86862
3.79981
3.63102
4.2193
3.7346
4.02985
3.74675
4.38971
4.0569
4.02954
3.78214
3.80042
4.22302
3.80297
4.28527
4.00597
4.12509
4.39279
4.41048
4.05755
4.36612
4.26926
4.01252
3.73986
3.96116
3.89622
3.96745
3.71109
3.83714
4.05946
4.00711
4.09852
4.16956
3.95752
4.16836
4.05344
4.1642
4.2144
4.15787
3.75937
4.20555
3.94546
4.29095
4.65909
4.45721
3.9557
4.22589
3.77148
3.47898
4.24048
4.32976
4.61018
3.92558
4.16187
4.21661
4.13817
3.87892
3.83604
4.05862
4.40592
4.03337
3.88214
4.3222
3.98569
4.06115
4.20911
4.15954
4.09247
3.88343
4.10355
3.97175
3.89805
3.97922
4.10901
4.0751
4.00441
3.81521
4.17359
4.01892
3.86287
4.23283
4.17143
3.94768
4.1145
3.98713
3.96988
4.12817
3.8792
4.08547
3.76126
4.03165
4.53164
4.02137
4.0793
3.97743
4.11741
4.24594
4.2196
4.33305
3.67062
4.20366
3.87844
4.10843
4.34601
4.04023
4.39124
3.54317
3.84494
4.03721
4.14219
4.12329
4.28517
4.07133
3.96502
3.97131
4.18132
4.29502
4.20627
3.6816
3.8587
3.74072
4.1415
3.84553
4.26467
3.84431
4.14272
4.09585
4.0774
4.36598
4.23989
4.33722
4.11203
4.48082
4.59307
3.79062
3.9914
3.78204
3.89479
4.16022
4.44522
4.18965
4.54399
4.07192
3.84914
4.0151
4.13296
3.84961
3.89583
4.10088
4.0898
3.91926
4.05213
3.8835
3.88
4.07919
3.70574
3.71733
3.69906
3.90871
4.07144
3.80276
3.86361
4.27584
4.51555
4.15771
3.95947
3.92915
4.3161
4.48735
4.01838
3.80306
4.02743
3.84681
4.03107
4.38476
3.91905
4.18303
4.34196
4.26527
4.34407
4.24959
3.7707
4.27556
3.71659
4.08868
4.40676
4.64821
3.71437
3.87491
4.18509
3.79706
4.33715
4.75256
4.1506
4.16068
4.23986
3.926
4.15247
3.88758
4.03775
3.92529
4.34946
3.74601
4.21073
3.90133
3.64248
4.12975
4.40169
4.01778
3.90479
3.91855
4.00866
4.07246
3.92528
4.19761
3.81639
3.69213
4.51081
4.03082
4.19275
3.85969
3.92638
4.03133
4.30827
3.78526
4.06352
4.09352
3.68011
4.01803
4.15893
4.40705
4.38874
4.08554
4.29412
4.01739
4.14701
3.89247
3.91347
3.97356
4.43274
4.19923
3.96312
3.90125
4.07688
4.04554
3.87501
3.62506
4.38204
3.99581
3.94673
4.52497
3.58418
4.3706
3.97392
3.96023
3.94573
4.03651
3.8513
4.1207
3.91067
3.92583
4.29712
3.80465
3.91927
4.86251
4.37437
3.74828
4.16498
4.26995
4.13671
3.88443
3.98773
3.91915
4.2641
4.2577
4.15762
4.20626
3.95751
4.66499
3.76597
3.97813
4.01124
4.32319
4.12565
4.04749
4.20779
4.22133
4.06534
4.20685
4.0365
4.14131
3.86316
3.84046
4.09485
4.16621
3.92078
4.25457
4.21004
4.52377
4.6634
3.86376
4.18702
4.13757
4.30179
4.46685
4.18586
4.08432
4.03527
4.0274
4.36527
4.39481
4.34627
3.75447
4.00623
4.31664
4.09497
4.09143
4.08835
4.3005
4.00552
3.86214
4.0492
3.67925
3.85096
4.19573
4.03564
4.03862
4.16948
3.72539
3.59432
3.80692
4.34838
4.04926
4.1062
4.3022
3.81605
3.83626
3.48061
4.53725
3.59109
3.77665
3.79267
4.43552
4.14225
3.83852
3.72776
4.05257
3.70542
3.92101
3.85956
3.76637
4.11444
4.11426
3.98656
4.02744
3.97126
4.28273
3.66655
3.83478
3.65247
4.06293
4.08527
3.88535
4.38551
4.2018
3.99201
4.19713
4.27801
4.14392
3.49087
4.25329
4.68497
4.1102
3.90646
4.18413
3.76312
3.85248
4.13172
3.58487
3.68441
4.54944
4.04134
3.69196
3.95463
3.82463
3.90132
3.83794
3.80909
4.50348
4.11312
4.03291
4.26537
4.2706
4.37835
4.23525
3.99749
4.1665
4.03933
3.84853
3.64835
3.83131
4.39539
4.06674
3.68111
4.30939
4.29722
4.11021
3.56573
4.15913
4.18498
3.79685
3.99822
4.0364
4.14513
4.24841
4.3859
3.78963
3.74674
4.08697
4.25256
3.58349
4.61544
4.05141
3.86339
4.11635
3.71859
4.42253
4.27574
4.20153
3.9988
4.21217
3.83605
3.54172
4.25899
4.31904
4.19152
3.77056
3.72729
4.01543
3.99224
4.15321
3.67193
4.11764
4.03044
4.26362
3.93163
3.8824
4.1009
4.29868
4.45815
3.88326
3.70875
3.9319
3.94197
3.9657
4.14322
3.97262
3.95243
3.87371
4.17507
4.42047
4.05386
4.20636
4.35677
3.96688
3.99436
3.77758
4.44186
3.92166
3.82428
4.05662
3.83174
4.26479
4.03962
4.06566
4.43306
4.18822
4.73425
4.31435
4.02933
4.08939
4.00948
4.09359
4.57048
3.97534
4.09414
3.83041
3.58293
4.11581
4.41231
4.26422
3.60422
4.23342
3.42567
4.17768
3.94217
4.13866
4.27378
4.25376
4.0286
3.90812
4.12113
3.90688
3.8008
4.31927
3.93508
4.10173
4.42461
4.18693
4.52137
4.45885
4.13287
4.4672
3.75576
3.69973
4.21301
4.00835
4.20723
4.00112
4.16073
4.48743
3.43346
4.72448
3.93138
4.30862
3.9444
3.99614
3.82477
3.94656
3.49619
4.07592
4.11454
3.92116
4.36316
4.20233
3.77418
3.91767
4.13078
3.58724
4.01682
4.04003
4.01533
4.26048
4.40357
4.03493
3.67324
3.96463
3.61313
3.9966
4.14268
4.10962
4.28435
4.19022
3.96371
4.08858
3.79048
3.73745
4.3297
4.01013
4.51502
4.48895
4.21679
4.36157
4.03756
4.50366
4.27766
4.08393
4.11455
4.00066
4.13009
4.05557
4.15256
4.14532
4.14703
3.66385
3.82736
4.47346
4.53834
4.11914
4.20174
4.03711
3.96287
4.05919
4.01918
3.9741
3.98454
4.30062
4.00873
4.05266
3.93476
4.1162
3.89479
4.27859
3.87039
4.3363
3.86642
4.20039
4.43871
4.07225
3.69539
4.25294
4.08131
4.18305
4.11557
4.15401
4.14238
3.83654
4.04432
4.27834
3.66085
4.03323
4.0706
4.12641
4.47756
4.57885
4.17506
3.95148
4.23494
4.29029
4.24145
4.54318
4.15746
4.08968
4.45328
4.27038
3.95627
3.82695
4.37307
4.37405
3.94152
4.02365
4.05614
4.01166
3.96618
4.10385
3.86335
3.50726
4.10166
4.01376
3.99068
3.77591
4.12704
4.09537
4.12277
4.16304
4.20038
4.24711
4.03802
4.09835
3.60376
3.65055
4.15073
4.13628
4.05019
3.97538
4.38868
3.92901
3.80231
4.0165
4.21846
4.03039
3.74014
4.06831
4.03849
4.04617
4.10515
4.13554
4.17729
3.65999
3.98881
4.4136
4.05282
3.97784
3.98279
3.69371
4.45051
3.60143
3.89411
4.31387
4.46563
3.89514
3.61421
4.04408
4.0797
4.01382
4.12094
4.07998
4.1616
3.86767
3.80914
4.05799
4.10129
4.17423
4.00247
4.05182
4.30482
4.04345
4.17611
4.14846
4.06163
4.10366
3.92855
4.21103
4.1617
3.64052
3.88492
4.2832
4.13726
4.18117
3.98153
4.21303
3.77285
4.13292
3.95577
4.27582
4.27413
4.03865
3.82662
4.05337
4.14197
4.17843
4.06617
3.93763
4.28354
4.10776
4.22148
4.51306
3.5064
3.88022
3.97677
3.87062
3.89178
3.61195
3.90199
4.04274
4.22389
4.15294
4.08703
3.83164
4.052
3.86143
3.64812
3.81821
4.16456
4.31123
3.78992
4.11514
4.0871
4.0967
4.61172
4.21569
4.11236
3.89476
3.91607
4.05626
4.12172
4.222
3.7367
3.81075
4.50155
4.33455
3.82253
4.40092
3.8313
4.19845
4.02321
3.82438
4.30152
4.43915
3.98021
3.98572
4.16232
3.81604
4.35091
4.03807
4.10255
4.12204
4.22384
3.66707
4.14385
3.98352
3.98715
4.26852
4.14573
3.65099
3.77173
4.25859
3.97613
4.12942
4.27345
3.77838
4.38098
5.00877
4.19561
4.04746
4.26597
4.08849
4.01461
4.11956
4.21058
4.40136
4.42865
3.85205
4.07047
3.91684
4.22032
3.73929
3.5197
4.2441
4.10073
4.22207
4.26144
4.04291
4.41177
3.6283
4.5031
3.86404
4.08185
3.90303
4.0251
4.20891
4.47256
4.09046
4.16461
3.53826
4.06863
4.32454
4.44742
4.21865
4.02434
3.79499
3.80748
4.49786
3.91629
4.24913
3.9348
3.99807
4.15279
4.08067
4.3735
4.05923
4.07924
4.44796
4.18606
4.47114
4.00677
3.49105
4.22321
3.88267
4.00969
3.91604
4.22457
3.93489
4.05547
4.11376
4.02779
4.26513
3.76618
4.04789
4.08459
4.1652
4.07312
4.13635
4.15048
4.22576
4.158
3.68892
4.49733
4.03214
4.28458
4.2522
4.04183
3.95863
4.74453
3.94218
4.35119
4.19549
4.36441
4.30947
3.77903
4.19545
4.0992
4.2232
4.17821
4.35249
3.94234
4.27815
4.03438
4.67042
4.12811
3.87379
3.63357
4.09922
4.31222
3.94806
3.78865
3.77756
3.8439
4.12163
3.80194
3.978
4.46291
4.03265
4.06584
3.99468
4.03973
3.42073
3.94019
4.26167
3.75888
3.93067
4.15668
3.91679
3.88194
3.85682
4.39267
3.80175
4.38896
3.92369
3.70272
4.32391
4.05145
4.11058
4.09167
3.40785
4.20788
3.61169
3.84015
3.98742
4.43293
4.36545
4.24384
4.16939
4.42213
4.43887
3.93055
4.33801
4.12322
3.90555
3.60701
3.86077
4.07187
3.92047
3.79451
4.14187
3.88201
3.60366
4.28448
3.97572
4.42702
4.00493
3.44716
4.18921
4.30163
4.05041
4.15264
3.88643
3.96934
4.16088
3.84409
4.15579
3.65064
3.95193
4.09606
3.63249
3.84725
4.33753
4.02815
4.2518
4.35822
3.89191
3.97926
3.98577
4.47746
3.80838
3.9518
3.86907
4.37862
3.94763
3.86628
4.09501
4.388
4.50292
4.46307
4.33423
3.77131
4.22666
4.09708
4.04553
3.92153
3.95547
4.15639
4.19467
3.98385
3.72154
4.74165
4.54517
4.04949
4.38102
4.10202
4.37227
3.48905
3.90818
3.98672
3.80785
4.28393
4.12565
3.9496
4.02256
4.29266
4.21082
4.38111
4.07178
4.53937
4.13778
4.25481
4.18806
4.30974
4.04689
4.03778
3.81511
4.39644
4.00591
3.95002
4.10891
4.00099
4.15979
4.16392
4.144
3.8488
4.458
4.60626
4.18818
3.93397
4.11362
4.08968
4.56978
3.64592
4.17983
4.09129
4.69888
3.58316
3.93355
3.86163
3.94256
3.98608
4.13672
4.10577
3.55478
4.1904
4.19135
3.86192
4.20946
4.12387
3.99445
3.64801
3.66268
4.27984
4.37924
4.48315
4.19041
4.38528
4.15612
4.31171
4.28287
4.01091
4.22772
4.2971
3.85919
4.13557
4.13194
4.14763
4.10566
4.14807
3.58867
4.1136
4.30482
3.95915
4.08573
4.1846
3.92073
4.1071
4.00222
4.27153
4.1335
3.82308
4.20392
3.66942
3.75949
4.13004
4.31042
4.12174
4.43508
4.2271
4.14463
4.2173
4.21032
3.86447
3.98489
4.07723
4.07521
4.24101
4.20927
4.05914
4.46042
3.4107
3.75151
3.9043
4.13077
3.7868
4.13323
4.02226
4.49223
4.5076
3.96565
4.4343
4.04954
3.79304
3.77655
4.13513
4.27804
4.08236
4.06492
4.18536
4.37225
3.88537
4.04713
4.55553
3.80011
4.22239
3.67545
4.27178
4.27484
3.98944
3.79455
3.8847
3.86177
3.63221
4.39953
4.19284
4.15744
3.63093
3.96424
4.19305
3.92227
4.54075
3.85927
4.41735
3.58299
4.40736
4.38967
4.16729
3.95915
4.00856
4.40685
4.66519
4.24911
4.62736
4.04768
4.11913
4.25223
3.54107
4.07088
3.63624
3.77118
3.65692
3.96762
3.84998
4.49678
4.01526
4.32711
4.63903
3.7085
3.84562
4.24937
3.67783
4.03032
3.77571
3.82164
4.01644
3.69935
3.96591
4.04742
3.82556
4.24945
4.13561
3.90183
4.36632
4.24717
4.04431
4.05973
3.98174
4.30563
3.72784
3.98266
3.4775
4.47169
4.25174
3.95327
3.80567
3.73247
3.97067
4.05401
4.01945
3.54085
4.21443
3.89188
4.19507
4.19523
4.15709
4.06975
3.50867
4.18704
4.13306
3.96031
3.70523
4.15478
4.37087
4.11854
3.62381
3.94777
4.33408
3.79059
4.07244
4.44195
3.87603
3.86419
4.27519
4.05835
4.02875
3.81701
4.174
3.85853
4.38092
4.27837
3.74019
4.01345
3.96217
4.07906
4.1442
4.40515
4.44388
4.46048
4.25998
4.04556
4.0036
3.7883
4.07084
4.27971
4.00674
4.36234
4.04377
4.10774
4.1996
4.03093
4.01189
4.74104
3.57014
4.71462
3.92969
4.12275
4.26907
4.17902
3.846
4.10444
4.09302
4.44542
4.35192
3.98631
4.4095
4.24553
4.6309
4.02883
4.32284
4.1307
4.01234
3.83617
4.74697
4.09509
3.85714
4.2569
3.91858
3.76001
4.2692
4.25895
4.17409
4.37436
4.17644
3.8579
4.14905
4.05481
3.74987
4.03391
4.10607
4.1286
4.15189
4.42773
3.91639
4.23851
3.9516
4.11632
3.76384
4.34364
4.13007
4.0026
3.81375
3.9194
4.01798
4.13583
4.27146
4.19587
4.31304
4.16733
4.30061
3.50888
4.15917
4.06154
4.10007
3.50199
4.25244
3.94119
3.85621
4.30782
3.40785
3.90155
4.10018
4.31023
3.88749
4.32584
4.64042
3.92505
4.43194
4.02756
4.28654
4.18721
4.23474
4.26668
3.8048
3.6469
3.90235
4.17113
3.85055
4.50862
4.49817
4.07587
4.4091
4.46028
4.29077
4.73991
4.23229
3.67527
4.29345
4.48458
3.85018
3.58934
4.35845
4.01226
4.23431
4.08248
3.89751
4.30157
3.6351
4.60213
4.2089
4.19718
4.15728
4.27197
3.63914
4.45894
3.87811
3.81227
4.22896
4.37409
4.1203
3.70989
3.96397
4.24207
4.25609
3.90841
3.78037
4.38589
3.91461
4.11092
4.08935
4.14064
4.19888
4.05065
4.31438
4.24719
3.79248
4.28894
4.09617
4.00939
4.18123
4.02299
4.20743
4.26586
4.24999
4.11578
4.55247
4.34969
4.09118
3.7814
4.25079
4.07435
4.6196
4.46802
4.26003
4.34624
3.97355
4.31975
3.76226
4.50058
3.94609
4.38399
3.51162
4.0901
4.33745
4.22729
3.88365
3.77515
3.93838
4.47586
3.82239
4.28436
3.90942
4.33451
4.22994
3.72377
4.1213
4.13488
4.16064
4.15033
4.17814
4.17756
4.3577
3.72938
4.27253
4.03792
4.38738
3.56801
4.004
4.32307
4.10971
4.05911
3.65767
4.22841
4.64462
4.30214
4.47462
3.89923
3.96171
4.49895
3.931
3.99249
4.13933
4.38619
4.04365
4.1967
3.72223
4.37136
3.91809
4.25591
4.08653
4.02548
3.85643
3.83887
3.91734
4.49524
4.03274
3.84858
4.05369
4.30476
4.44175
4.09729
3.98301
4.07063
4.21222
3.9589
3.9242
4.06752
4.1325
4.51963
4.09026
4.15683
4.47966
3.81735
4.34629
4.22182
4.55503
3.83462
3.34409
3.99002
4.48218
4.16001
4.11123
3.86739
4.39306
4.29098
4.42523
3.97847
3.89813
4.27685
4.01363
3.88422
4.27119
3.86692
3.35542
4.09262
3.70335
4.29887
4.51895
3.89395
3.81109
4.07157
4.00238
4.11509
3.94285
4.07259
4.19186
3.92001
3.85874
4.02745
3.9091
3.93413
4.05516
4.3041
4.16057
3.95763
3.92321
4.16531
4.15607
3.78272
3.77701
4.07523
3.95094
3.7312
3.87074
3.78959
3.84234
3.88349
4.06182
3.90539
3.85209
3.94626
3.78037
4.21051
4.28503
4.14015
3.96171
3.72796
4.31491
3.54529
3.93313
4.39714
3.73856
4.14696
3.95444
3.85487
4.06187
3.93317
4.76252
3.60437
4.32404
4.61763
4.08406
4.29956
3.67747
3.74872
4.34708
3.79251
4.40561
3.95543
4.09326
4.40226
4.37676
3.91479
4.37444
3.95077
3.75286
3.52898
3.67961
4.06419
4.11802
3.99275
4.30553
3.41985
4.27899
4.0703
4.79389
3.72988
3.65011
3.88798
4.47212
3.97264
3.61698
4.12965
4.03008
4.11331
4.38404
3.86555
4.42243
4.00064
4.0561
3.80541
3.74063
4.15363
3.76095
4.08965
4.28076
3.8149
4.22668
3.72874
4.32397
3.97841
4.42717
3.9403
4.47169
4.14495
4.11313
4.03852
4.14145
4.28378
3.60331
4.34639
4.13319
4.3309
3.9293
4.29151
4.50721
4.04149
4.13374
4.45854
4.11361
4.27774
4.05925
3.90115
4.1598
4.2827
3.91029
4.23533
4.26244
4.07322
4.14199
4.05988
4.05936
4.35327
4.25551
4.12348
3.58914
4.1527
4.40901
3.75736
3.9011
3.81915
3.99407
3.87453
3.90511
4.14209
4.37668
4.52384
4.47606
4.16519
3.74197
4.12437
4.23635
4.17108
3.94204
4.22333
4.37985
3.99917
3.99299
3.66996
4.03439
4.20817
4.04819
4.21035
4.22206
4.27279
4.02579
4.05395
4.5041
4.05741
4.10143
3.80445
4.14095
3.88537
4.115
4.01595
4.20571
3.89697
4.36248
4.23512
3.90265
3.92799
3.97082
4.24759
4.01249
4.06004
4.14679
4.52318
4.45108
4.00652
4.26579
4.18973
4.29438
4.1012
4.17769
4.41176
4.15533
3.78426
4.02687
4.38151
3.85868
3.43701
4.0584
4.13591
4.3791
3.53978
4.45673
3.86731
4.04
4.6094
3.74122
4.10024
4.69041
4.20413
4.20277
4.01834
4.01296
4.0025
4.06901
4.20849
4.16498
4.01369
4.01299
4.08904
4.33375
4.14791
3.97474
4.01333
4.01343
3.6468
3.57516
4.55322
4.22987
4.04713
3.92749
4.31848
3.63702
4.159
3.64507
4.65846
3.89702
3.76169
4.11649
3.7674
4.27645
4.15775
4.45958
4.06095
3.87162
3.83057
3.76248
4.27382
3.83082
4.24812
3.78522
4.35244
4.36582
4.09302
4.23334
4.04915
4.05772
3.75856
4.0884
4.06206
4.30618
4.25696
3.81397
3.965
4.25396
3.92217
3.59377
4.38865
3.99846
4.1177
3.99099
3.93392
4.10768
3.83127
4.22393
3.98438
4.01751
4.44529
3.85744
4.13856
3.91457
4.06066
4.17201
4.14398
3.95002
4.53067
3.67436
4.33843
4.18163
4.363
4.06993
4.02466
3.84402
4.05836
4.1027
4.01166
4.06431
4.24184
4.2983
4.00291
4.12845
4.29601
4.20136
4.13386
4.24941
4.371
4.07102
3.68028
4.02657
4.35326
3.62066
3.44242
4.2904
3.88858
3.94619
4.37291
4.17984
3.91123
4.3177
3.93071
4.51613
3.89884
4.32717
3.66916
4.24724
4.35859
3.7734
4.20471
4.10078
4.25214
3.95757
4.35941
3.96616
3.49278
4.33952
4.05046
4.03248
4.23063
4.62341
3.96078
4.04488
4.20971
4.20592
3.83449
4.48238
4.57063
4.04295
3.87393
4.35669
3.63665
4.12492
4.20865
4.34474
3.57552
3.91999
4.01019
4.22253
3.87485
3.88835
4.08954
4.33497
4.14045
3.58022
3.8118
4.07802
4.21983
4.23952
4.59483
4.16271
3.95495
3.94625
4.56009
4.15756
3.832
3.99945
4.15932
4.00986
4.06527
3.70024
4.39383
3.99928
4.51737
3.97385
3.83131
3.6419
4.86149
3.95039
3.6855
3.9763
3.8632
3.96751
4.32994
4.50195
4.458
4.22537
3.98474
3.9799
4.09811
4.2711
4.1377
3.9523
3.71197
4.25983
4.07672
4.02888
4.19918
3.86179
4.06938
4.05865
3.98723
4.30385
4.09689
4.35126
4.28783
3.90363
3.7479
4.26561
4.22408
3.88558
4.11464
4.20651
4.29759
3.9024
4.51161
4.23226
3.90681
4.17316
4.05187
4.01815
4.47164
4.4829
3.92781
3.95607
4.26859
3.67777
4.5681
3.46285
4.18373
4.34775
4.2181
4.20739
4.00291
3.89776
3.96192
4.12355
3.64472
4.03998
4.36622
4.0553
3.90722
4.17878
3.98264
4.07722
4.59955
4.49604
4.45117
4.37495
3.92384
4.30846
4.23808
4.02284
4.48038
4.01532
3.97567
4.05018
4.00659
3.963
4.07929
4.13156
4.20376
4.10122
3.98354
3.72474
4.16422
3.76892
4.26726
4.05114
4.47013
3.61735
4.06632
4.18985
4.38674
4.13253
4.07766
3.98025
4.53828
4.39227
4.04074
4.09693
4.01218
3.92407
4.21706
4.1214
4.26256
3.91881
4.02409
4.01683
4.3472
4.04248
4.05282
3.84962
4.19325
4.22658
4.55087
4.28556
4.13773
3.89594
3.72343
3.71901
4.09564
4.53748
4.35544
4.16242
3.95064
3.86535
4.02346
4.10746
4.03096
4.35934
3.82754
3.89749
3.83381
4.16161
4.20817
4.16272
3.83121
3.99443
4.15048
4.19593
3.87219
3.81672
3.94972
4.06877
4.14556
4.16771
4.47274
4.34214
3.8009
4.07425
3.86044
4.05831
3.90126
3.81691
3.97521
4.3148
3.92061
4.09722
4.11866
3.53553
3.82353
4.34509
3.97872
4.48775
4.19911
4.10026
3.98131
3.62247
4.18065
4.36239
4.07297
4.38095
3.70997
4.04571
4.25301
4.39493
4.31035
3.87315
4.1826
4.01725
3.74138
4.10412
4.14473
4.18502
4.28648
3.86997
3.70202
4.28874
4.44542
4.0456
4.04061
3.70376
4.31265
4.61078
3.95044
4.27515
3.99384
3.53195
4.39539
4.17554
3.99527
4.04634
4.1257
4.54848
4.34958
4.0029
3.95333
4.31457
4.17565
4.02615
4.08659
3.92159
4.37271
4.41192
4.14676
4.62428
3.97365
4.07281
3.99577
4.17366
3.95394
4.21581
4.4212
4.07245
3.62636
4.05775
4.22634
4.00975
4.35282
3.70079
3.58134
3.92578
3.89745
4.22164
3.97432
4.206
3.78085
4.04567
4.08561
3.5915
4.48145
4.38247
4.10023
4.08902
4.24262
3.6044
4.03214
3.92232
3.84215
3.94094
4.18997
3.71322
3.99846
4.16319
4.71144
4.19565
4.02918
4.08854
3.85551
4.19215
4.31984
4.27763
4.03793
4.5622
3.75806
4.08018
4.18209
4.44709
4.03229
3.92767
4.03172
3.92144
4.34199
4.33299
4.0412
4.06395
4.20975
4.03297
4.31196
4.08765
4.17787
4.22589
4.07927
4.0275
4.07177
3.74905
4.15456
3.99578
4.15884
4.1862
3.92919
4.0749
3.57989
4.00714
4.11728
4.07783
3.84005
3.96115
3.81084
4.05468
4.13745
3.8622
4.10929
4.15707
4.10594
3.83052
3.95856
4.28302
4.02671
4.37597
4.31093
4.35211
4.28991
4.01471
4.31207
3.65469
4.27914
3.47793
4.126
3.79217
4.28955
3.83355
3.94881
4.09286
4.19338
3.98699
4.04659
4.21017
4.11885
3.59361
4.17829
4.53781
4.39659
4.08218
3.88648
4.29926
3.73229
4.0252
3.66894
4.39981
3.94871
4.4006
3.92419
4.68701
4.11977
3.67973
3.93007
4.22603
4.24361
4.04932
4.39148
4.14665
3.98255
4.08675
3.98962
3.89033
4.31981
4.32402
4.00317
3.77605
4.25881
4.13361
3.95338
3.99373
4.06522
4.10221
4.36616
3.96231
4.17254
4.22489
3.85858
3.98991
4.07488
4.25251
4.18731
4.19215
4.60642
3.53358
3.84801
4.15624
3.84591
4.01682
3.86203
4.0761
3.77423
3.81854
3.93369
4.04514
3.96531
4.24799
3.99066
4.19887
4.3765
4.68631
3.87006
4.18229
4.19739
4.328
3.74444
3.89945
4.42256
3.96933
3.7307
4.12649
4.11913
4.69792
4.0797
4.51761
4.18218
4.23386
4.36955
4.28324
4.3606
3.93708
4.2131
4.47234
4.43446
4.13348
4.0088
3.89478
4.07171
3.76709
4.12056
4.48429
4.06719
4.38535
4.17156
4.07055
4.15744
4.26242
4.31031
3.9389
4.11787
4.40482
4.14373
4.01121
4.70639
3.97082
3.95202
4.33134
4.16813
4.60548
3.8728
4.18602
4.27745
3.7207
4.29799
3.99673
4.20782
3.88163
3.93531
4.43706
3.73511
4.04607
4.08868
4.32419
4.00186
4.25516
4.56359
4.07649
4.485
4.11075
4.04036
3.94012
3.95042
4.3704
4.11603
4.1979
4.54846
4.25054
3.88278
4.18597
4.28545
3.98477
3.55865
4.18972
3.80522
4.20463
3.87014
4.21073
4.23925
4.1982
3.9555
4.08553
3.71354
3.71826
3.96669
4.26625
3.76071
3.82366
4.05129
4.50189
3.33384
3.99931
4.13438
4.00483
3.91298
4.15378
3.93883
4.1087
3.79641
3.863
3.91857
4.14807
3.99018
3.77691
4.20327
3.95356
4.54373
4.22329
3.87719
3.7349
3.80296
4.68117
4.18421
3.86399
4.47445
3.78781
4.15478
4.22167
4.25524
3.86054
3.2952
4.78657
3.76479
3.99857
3.94358
4.23558
4.17767
4.19998
4.20557
3.89397
3.72201
4.49864
4.05134
4.10494
4.13152
3.97103
4.26518
3.93554
3.87997
3.81024
4.38511
3.92828
4.13848
4.16261
3.89038
3.70092
4.21853
4.20803
4.12607
3.56518
3.70111
4.27722
3.89327
3.83547
4.24361
3.79343
4.20328
4.3331
3.82769
4.08337
3.78663
4.31134
4.10717
3.98559
4.21184
4.04437
3.9904
3.84948
4.29731
3.79016
4.12352
4.05943
4.00361
4.02086
3.76875
4.57836
4.21253
4.05183
4.16564
4.28239
3.81048
4.26707
4.0643
4.4474
4.43112
4.042
4.22511
3.50398
3.78457
3.80264
2.89233
3.69237
3.98297
3.78861
3.96993
3.94021
4.43661
4.12894
4.25187
4.00207
4.02145
4.11383
4.40089
4.50229
3.57915
4.18246
4.14882
4.15772
4.0062
4.44174
4.36219
4.58072
3.55733
4.28332
4.30448
4.25881
4.10342
3.56302
4.30057
3.97944
3.88119
3.74389
4.35125
4.29071
3.97469
4.39443
4.43966
4.23927
3.85188
4.59739
3.89847
4.32246
3.8899
4.38906
4.42941
3.59796
3.97341
4.47637
3.6819
3.78689
3.92282
3.80306
4.21537
3.67908
4.1081
4.46218
4.31898
3.96094
3.98366
3.91684
3.98805
4.08357
4.22266
4.3672
3.86318
4.27814
4.43128
4.16648
4.084
3.68979
3.75935
4.29723
4.43777
4.15655
3.91634
3.35092
3.89854
3.95123
3.80612
4.20153
4.46764
4.19381
4.15287
3.84819
4.0867
4.07258
4.54367
4.56079
4.17532
4.20547
3.99491
4.07529
3.92079
3.81717
4.15871
4.34041
4.39708
3.90368
4.30004
3.84391
3.56972
4.43402
4.02259
4.14771
4.44994
4.03447
4.15055
4.41946
3.96645
4.31719
4.06617
4.43167
3.97109
4.13248
3.72193
3.99455
4.07251
4.32318
4.1407
4.42503
3.95009
4.22773
4.33301
4.38341
4.13304
3.81199
3.79412
3.83058
4.46584
4.04634
4.15844
4.04439
4.30289
3.76059
4.03979
3.72698
4.22303
4.31714
4.24464
4.3719
4.1921
4.17186
3.88486
4.12014
3.83843
4.42704
4.27373
3.78042
4.01908
3.88644
3.90097
4.28466
4.53208
4.36884
4.18973
4.29156
4.29012
3.97631
4.08861
4.29117
4.16265
3.87143
4.05145
4.30742
4.6558
3.64231
4.34279
4.17242
3.9128
4.18727
4.10641
4.27007
4.36722
4.01744
4.26775
3.91615
4.53711
4.11036
3.77459
4.52278
3.97137
4.53317
3.99253
4.11388
3.8327
3.85085
4.11486
3.94323
4.16906
3.97784
3.93216
3.71449
4.30512
4.40468
3.99434
4.73182
3.8719
3.78934
4.16068
4.08737
4.3683
3.94845
4.1467
3.55081
4.08314
4.02327
4.21696
4.44494
4.1143
3.71085
3.90059
4.0546
3.95279
4.04669
3.71933
4.22051
4.23238
4.26748
4.14649
3.96745
4.0968
3.80021
3.96495
4.19344
4.49784
4.35883
4.37671
4.50619
4.26242
3.88662
4.25454
3.85734
4.07789
3.9829
3.84861
4.29393
4.17188
4.11413
4.23998
3.75973
4.25855
4.07292
4.10172
3.83709
3.71896
3.9967
4.26718
4.37399
3.92103
4.53
4.22726
4.14577
4.38156
4.67709
4.42684
3.87943
3.91786
3.86033
3.60057
4.15515
3.96678
4.29131
4.01568
3.88796
4.36941
3.92596
4.33826
3.6146
4.17029
4.3422
4.16577
4.01501
4.17454
4.11017
4.02881
4.23017
4.17507
4.10054
4.12786
4.04815
3.9441
3.84631
4.45327
4.39936
4.09607
3.82797
3.99362
3.78312
3.89569
4.46141
4.40504
3.87199
4.3696
3.67141
4.22804
4.22593
4.06781
4.16778
4.44938
3.97217
3.88455
4.53074
3.62004
4.14906
4.18996
4.25715
4.18024
3.89703
4.33117
4.2988
4.25825
3.69747
3.74487
4.34963
3.645
3.88522
3.93021
3.80949
4.02783
3.88059
3.69953
4.33247
3.85511
4.36834
3.96757
4.23374
4.18219
3.92316
4.0967
4.43685
3.9457
4.16425
3.93277
4.20764
4.47446
4.05871
4.00146
3.71398
4.18084
3.87957
4.13073
3.73713
4.14884
4.18917
3.93728
4.13153
3.92657
4.60045
4.26256
4.38713
4.05978
4.08126
4.67672
4.25753
4.02256
4.24473
4.01707
4.1381
3.98628
4.19222
4.04575
4.12123
4.21982
3.6937
4.07242
3.7296
4.22208
3.92856
4.06762
3.70474
4.34072
3.84045
4.20115
3.84324
3.80112
3.84205
3.83782
4.16183
4.2469
4.31469
3.78749
3.87296
4.10221
3.82266
3.52553
4.3133
3.72143
3.83077
3.47787
3.7904
3.63595
4.51606
4.09193
3.68816
4.13668
3.45033
4.27628
4.30451
4.17954
4.23249
4.32766
3.58636
3.81547
3.96535
4.00129
4.14795
3.95485
4.05781
3.81931
4.039
4.09482
4.20418
4.15155
4.34414
4.10046
4.44421
4.17435
4.28115
3.9788
4.01901
4.41385
3.79817
3.87076
4.10735
4.38903
4.07601
4.52423
4.17567
4.45881
4.3975
4.01833
4.05148
4.38979
4.28915
4.12789
3.93931
4.36211
4.05607
3.70975
4.20952
3.90183
4.07646
3.77283
4.15471
3.98461
3.67948
3.56438
3.85655
3.90253
3.81754
4.33239
4.24892
3.87059
3.84816
4.50334
3.96596
4.23123
4.01759
3.9386
4.0832
4.32574
3.95458
3.5073
4.12145
4.22634
3.68111
4.05062
3.96357
4.06577
4.19217
4.25088
4.29154
4.05964
4.19737
4.21715
4.06388
4.41992
4.0925
3.88914
3.96979
4.17612
4.0891
4.05311
3.99258
3.69342
4.32515
4.60235
4.04235
4.01101
3.97342
4.31347
4.18326
4.01969
4.59608
4.05919
3.64933
4.0127
4.04872
4.27561
4.46021
4.18386
4.10071
4.32991
4.05588
4.26939
3.82726
4.52957
4.43906
3.81889
4.23997
4.05212
3.97258
4.28432
4.2387
3.89777
4.24472
4.15627
4.30114
4.60556
3.8159
4.08176
3.83105
3.75043
3.55966
4.09252
4.02054
4.29653
3.7484
4.60315
4.16316
4.09173
4.14111
4.17019
3.60943
3.9489
4.07431
3.55284
4.26789
3.98418
4.04463
3.90269
4.22875
4.45178
3.92644
4.05475
4.15297
3.81027
4.11138
4.18716
3.88937
4.44893
3.98409
4.52832
4.02594
4.08582
4.00218
3.90261
4.30181
4.49646
4.17649
4.17691
4.57372
3.9356
4.10637
4.00013
4.02291
4.0836
4.22475
3.72274
4.28934
3.91496
4.21427
4.2668
3.96447
4.70925
4.31454
3.94907
4.05703
3.49683
4.17646
4.05594
3.84965
4.056
3.75761
3.80616
4.10429
4.17381
4.04352
4.60327
4.23653
3.64297
4.01175
3.98158
3.90521
4.14549
3.98261
3.43945
3.95151
3.63334
3.93675
4.17953
3.96349
4.23027
3.9938
4.17192
3.96651
4.60564
4.35984
4.082
3.92482
3.95746
4.03645
3.65845
4.2504
4.02103
3.36885
3.98178
3.77491
4.06444
3.70778
4.06954
3.53297
4.31934
4.25262
4.59408
4.44625
3.79976
4.42004
4.1872
3.78942
3.71557
3.92518
4.15108
4.21
4.04601
4.2166
3.8821
4.01826
3.73443
4.26599
4.51215
3.92242
4.72356
4.08899
4.02608
4.00425
4.07444
4.15354
3.7355
4.48328
4.06733
4.435
3.86049
3.79684
3.89212
3.97431
3.82483
3.98198
3.85695
3.80675
3.96478
4.28979
4.19929
4.11703
3.92073
4.17275
4.12298
3.93328
3.79773
3.99006
4.11348
4.28169
4.06989
4.20413
3.5511
3.68576
4.0616
4.1883
3.99277
3.87349
4.12776
3.89791
4.3442
4.17864
4.05497
4.11472
3.81637
4.44065
4.30503
4.13667
3.96547
4.12144
4.12269
3.82194
4.23087
4.05464
3.64087
4.07482
4.17316
4.1895
4.28714
3.61481
4.2308
4.01435
3.86673
4.1473
4.30502
4.11492
3.78764
4.43008
3.95108
3.79045
4.22656
3.79615
4.13305
4.15613
4.1123
4.02071
4.28268
3.86806
4.38286
4.04466
4.0546
4.2528
4.04075
4.29475
3.94348
4.19862
4.36859
3.78529
4.01262
4.2504
4.31557
3.90504
3.96514
3.90062
4.37472
4.26691
4.23142
4.31969
4.27467
4.14246
4.49543
4.06223
4.04376
3.56886
4.0234
4.31556
4.15196
4.5389
4.35959
3.91659
3.83438
4.31782
4.1346
4.18796
4.13525
4.34073
3.69776
3.78983
4.72572
4.35099
3.63022
4.1818
3.77764
3.63063
4.21425
3.95243
4.20796
3.99973
3.91033
4.07249
4.13043
4.18249
3.5468
4.25159
4.273
3.89244
4.13398
3.87701
3.728
3.73193
3.86329
4.05376
3.99477
3.82708
4.09471
4.50044
4.29706
3.9431
3.53326
3.93382
3.8955
4.38789
4.37816
4.31871
4.20794
4.20926
3.80219
4.4904
4.31926
4.30248
4.21064
3.89374
4.09322
4.18316
4.22139
4.16028
3.85237
4.18741
4.09042
4.17876
4.08485
4.26035
3.67221
4.32601
4.49571
4.14248
3.79611
4.21546
4.68369
4.29556
3.87626
4.27165
4.22132
3.88335
3.42098
4.43454
3.93382
3.85881
4.01549
4.12722
3.96134
4.28249
4.30318
4.20174
4.63919
3.92629
4.11453
3.6533
4.17854
4.08164
4.08755
4.33193
4.12947
3.9465
4.47444
3.75161
4.06581
4.31002
3.87987
4.20483
4.02705
3.79636
4.27457
4.22214
3.96751
4.05134
4.10541
3.79807
4.21247
3.80907
4.29342
4.21598
4.08482
3.96778
4.30321
4.19327
4.0743
4.44623
3.23055
4.83879
4.39589
4.24088
3.81799
3.92995
4.30694
3.93897
3.92306
4.4659
4.09044
4.08092
4.0227
4.02827
3.66981
3.91315
4.01859
4.24855
4.03696
4.16885
4.01473
4.41647
3.8648
4.2019
4.49296
3.85114
3.91721
4.01019
3.79333
3.85875
3.81929
3.94595
4.2524
4.34953
4.27539
4.04207
4.08836
4.22067
3.72624
4.10798
3.94042
4.18846
3.65536
4.11035
4.00485
4.00561
4.04834
4.00672
4.15458
4.11689
4.29424
4.41555
3.78796
4.30633
4.28537
4.08027
4.20199
3.89691
4.4218
4.08068
3.62571
4.12321
4.68184
4.2532
4.51442
3.94065
4.34339
4.0897
4.20158
4.19694
4.38955
3.88238
3.44102
4.20141
4.11094
3.69507
3.87322
4.11543
4.01365
4.29094
4.41536
3.79907
3.99788
4.08618
3.96385
3.94528
4.02038
3.95087
4.32283
4.10314
4.11208
4.73616
3.61608
4.11957
4.24986
4.02419
4.47347
4.32214
4.28287
4.404
4.12043
4.05897
4.464
4.36083
4.00609
4.03747
3.86961
4.05421
3.94567
4.21653
4.41341
4.40039
4.02988
4.06766
3.98617
4.09204
4.13839
3.59061
3.90964
4.13715
3.74001
4.17308
3.78917
4.15946
4.11419
4.28048
4.3726
3.84106
4.37364
4.15075
4.36439
3.52579
4.13411
4.11799
3.82145
3.74425
3.99863
3.655
3.94156
4.06139
3.89825
3.80716
3.86777
4.0643
3.67115
4.13883
4.39685
4.26823
3.90844
4.03301
3.93823
3.90932
3.92704
3.16318
3.68698
3.76051
4.2868
4.25985
4.21126
3.92509
3.9058
4.36494
3.87795
4.08639
3.55511
4.38568
4.57225
3.70704
4.18533
4.21388
3.73378
4.09735
3.4583
4.0121
3.86647
4.15314
4.03472
4.28467
4.07722
3.85451
3.96196
4.25157
4.29223
3.80048
4.0171
3.83421
3.90849
4.03895
4.07824
4.40282
4.31636
4.09065
4.06097
3.90153
3.97689
3.97181
4.46649
4.11056
3.93662
3.82993
4.35705
4.04353
4.50015
3.72018
4.33755
3.87812
4.05149
3.7549
4.28806
4.01803
3.75293
4.05065
4.51869
4.26159
3.92469
4.2503
3.43932
4.11298
4.02734
3.89206
3.84506
3.63244
4.27666
4.26042
4.24452
3.85668
4.41633
4.24534
4.01975
3.95566
4.27706
4.13748
4.0703
3.85148
4.33402
3.82002
3.69612
3.90426
3.93538
3.97407
4.33864
3.89845
3.5993
3.82273
4.04653
4.16984
4.26847
3.83777
3.73579
3.89145
4.08892
3.63452
3.9759
3.92473
4.21736
3.98861
3.76102
3.7145
4.00436
3.68672
4.14915
3.9364
3.84977
3.82049
4.20092
3.89865
4.15464
4.18554
4.17511
4.45157
4.37882
4.82623
4.4803
4.1741
3.92285
3.74338
4.064
4.22859
4.2319
3.88348
3.74789
3.45994
3.92304
3.88822
4.29966
3.71721
4.32926
4.16972
3.91127
3.82831
4.11495
4.07297
3.69845
4.02875
3.7904
3.70989
4.35555
4.26326
4.19933
4.11907
4.23502
4.46926
3.95829
4.50463
4.22736
4.00606
4.27479
3.85492
3.69647
4.2903
4.05829
4.15805
4.36341
3.84955
3.84444
3.95023
4.27327
3.98061
4.15956
3.90364
3.90496
3.86966
4.03397
3.95704
3.7641
4.28224
3.96879
4.29743
4.26599
3.95953
3.90765
4.07079
4.07776
4.12873
3.96664
3.91263
4.42647
4.06261
3.75588
4.03201
3.81783
4.03561
4.09979
3.80039
4.24446
4.01658
3.99433
4.25292
4.07992
4.06594
4.0192
3.50763
4.41
4.43364
4.22706
4.37387
4.27557
3.80583
4.2523
3.72656
3.94378
3.48694
3.8484
4.20628
4.96324
4.46916
3.78357
3.75088
4.48897
4.50876
4.51203
3.84494
4.16801
3.80052
3.94296
3.74054
4.24559
3.94718
4.36639
4.19658
4.06293
4.19522
4.00292
4.40637
4.32062
3.99127
3.94668
4.03362
4.10602
3.79328
4.43474
4.27513
3.9923
4.43141
4.37192
4.01574
4.38752
3.83645
4.45981
4.37416
3.7376
3.9134
4.17928
4.01271
3.87381
4.40321
4.23731
4.11244
3.92132
4.30686
4.18029
4.89137
3.94325
3.9575
3.88755
4.37
4.02789
4.12448
3.77784
4.14198
3.82336
4.49419
4.34448
4.0225
4.15641
3.83828
3.98419
4.23243
4.0046
4.00935
3.80109
3.79607
3.86109
4.29542
4.32135
4.07889
4.34305
4.00835
4.3573
4.0169
4.28466
4.13079
3.99823
3.90221
3.71483
3.95484
3.87011
3.62979
4.20671
3.97195
4.13248
3.8928
4.26495
4.48077
4.20402
4.35415
4.1087
4.00619
3.83543
4.01455
4.42227
4.02149
3.98136
3.57316
3.81345
4.22494
4.27696
4.00815
4.29001
4.09764
4.00342
3.72006
4.469
3.52541
3.57985
4.27257
4.06598
4.62378
4.2428
4.48442
4.51765
4.07211
3.9243
3.97001
3.74387
4.18884
4.09133
4.01629
4.22892
4.30686
4.21416
4.34768
4.14754
3.62217
4.16676
4.30028
4.08018
4.11348
4.12146
4.23096
4.37116
3.9754
4.06587
4.58583
3.90292
4.54163
4.12738
4.04155
4.12655
4.11681
4.54876
3.94789
3.84805
3.91272
4.05428
4.08242
4.74852
4.63689
4.27669
4.20081
3.77117
3.95771
4.21014
4.26086
4.22909
3.94311
4.00501
4.29479
4.26218
4.22849
4.21644
3.8899
3.89464
4.01705
4.4736
4.26022
4.21311
3.89572
3.72972
4.29284
4.43714
4.03812
4.22884
4.09679
3.98316
4.28617
4.39758
3.97161
3.98964
3.9357
4.01536
3.77087
4.06561
4.67841
4.3087
3.87003
4.35102
4.08007
4.1548
4.42004
3.87093
3.57792
4.09071
4.3116
4.3969
4.2503
3.62562
4.17194
4.1691
4.72199
3.83602
3.83586
4.05606
4.24225
4.40355
3.84288
3.85528
4.04837
3.74556
4.03756
4.37771
4.12992
3.7013
3.95283
3.98032
3.86747
4.01438
4.0803
4.12666
3.82013
3.9744
4.08116
4.35052
4.30012
4.00423
3.78472
4.1494
4.27159
4.15436
4.24392
4.29305
3.95964
4.29093
4.63897
4.59186
4.17284
4.29704
4.04718
3.88849
4.1079
4.30376
3.97252
4.12626
3.83561
3.95471
4.45537
4.47016
4.20645
3.85071
3.68638
4.40684
4.13138
4.24483
3.63054
4.05719
4.05285
4.31196
3.75407
4.32714
3.8004
3.8886
4.4923
4.21897
4.15325
4.45502
4.2097
4.05419
3.87343
3.8461
3.789
4.29173
4.15453
4.3394
4.0288
4.06292
3.85321
4.01303
4.55603
3.90009
4.5555
3.90264
4.59944
3.74547
4.01023
3.98903
3.70023
4.51668
4.27731
3.73007
4.07128
4.09231
4.07488
3.92833
4.32074
4.04855
4.09186
4.27174
4.31775
4.15829
3.92964
4.1432
4.2281
4.50133
4.29766
4.04916
3.64056
4.11363
4.4309
4.33423
4.11828
3.89674
4.17792
3.79473
4.01756
3.98727
4.2699
4.0412
4.35839
4.22815
3.93458
3.8173
4.26086
4.25691
3.88943
3.95791
3.72362
4.08239
4.54098
3.60594
3.92652
4.43736
4.09776
4.21115
4.12093
4.22569
3.80702
4.09506
3.94706
3.7383
4.22328
4.29837
3.72199
3.92831
3.89778
3.93494
3.83246
4.36353
4.1461
4.06127
4.51257
4.29463
4.00875
4.22836
4.12311
3.92301
4.25159
3.8343
3.99214
4.10567
4.29914
4.2408
4.15279
4.25959
3.94056
4.25519
4.14095
4.18838
4.30528
4.09619
4.08441
3.99426
4.60176
4.15725
4.02461
4.14105
4.2173
3.88478
3.76696
4.01611
4.28515
4.10838
4.08729
4.01548
4.03054
4.02291
3.72039
4.12788
4.10122
3.66754
4.53025
4.35308
3.85364
3.93918
4.30798
3.95074
4.17308
3.59123
3.94848
4.17457
3.58124
4.59736
4.12748
4.00675
4.10924
4.19389
4.41809
3.29956
4.30175
4.39299
4.05822
4.43874
4.25121
3.93153
4.33742
3.94771
4.10655
3.84704
4.28683
4.50507
3.78157
4.02948
4.01537
4.01576
4.00144
4.0299
4.06942
3.87713
4.21752
3.9607
3.80673
4.20199
3.97907
3.48667
4.29773
3.48315
4.24377
4.3206
4.21482
4.15939
3.90914
3.78019
3.72194
4.11218
4.4167
3.70477
4.33898
3.5523
4.10424
3.78135
4.17675
3.7771
3.85011
3.87777
3.85697
4.58799
4.12965
4.23176
3.94257
4.27663
4.10587
4.05634
3.64854
4.35171
3.73635
4.15549
4.46247
4.17466
4.07055
4.19542
3.94916
3.9626
4.06374
3.83019
4.12367
4.14243
3.97219
3.98604
3.89463
3.98589
3.74001
3.49884
4.18725
3.4354
3.7701
3.68634
4.42067
3.97086
3.72231
4.05516
4.15251
3.90883
3.78556
3.90552
4.21054
3.84311
4.28168
4.2648
4.06501
4.44137
4.28822
4.22794
4.14973
4.34895
4.16777
3.9413
4.15398
3.5564
3.88417
4.06728
4.20083
4.35923
4.08106
4.18761
4.17581
4.42648
4.09944
4.51199
4.17543
4.41749
4.0448
3.9186
3.96951
4.01526
4.28098
4.1585
4.16071
4.22286
4.13929
3.75115
3.93157
4.00863
4.18532
4.0349
3.92085
4.5265
3.88026
4.06601
3.92355
4.01297
3.85798
4.3944
4.21077
3.75309
4.34383
3.77622
4.20791
4.20981
3.98903
3.842
4.00078
4.10928
4.14015
3.81143
3.62128
4.35578
3.71445
4.28717
4.56493
3.76097
4.40848
3.89886
3.67076
4.18546
4.05378
4.69222
3.74997
4.33551
4.56794
3.82577
4.03961
4.18334
4.26413
4.36614
3.47429
4.25097
4.17172
4.15042
3.9606
3.8402
4.19688
4.00665
3.689
3.43326
3.99851
3.72082
3.71881
4.22989
3.89955
3.80294
3.99015
4.00604
3.64092
4.26245
4.14011
4.32245
4.1476
4.29581
4.01853
4.20876
4.32547
4.09952
3.58223
4.08779
3.97125
4.32831
3.77213
4.02688
4.03982
4.29897
4.25116
3.82758
4.27797
4.3535
3.92017
4.54423
3.89818
3.71335
4.44093
4.15875
3.95169
4.12784
4.18249
3.9311
4.41005
4.02528
4.11638
3.7253
4.28847
3.78806
3.70865
4.1799
4.04439
4.28357
4.06536
4.25936
4.2669
3.96422
4.34333
4.14404
4.00159
3.61885
4.41714
4.46898
4.18913
4.25988
3.71274
3.92974
4.43775
3.85707
3.92953
4.23638
4.06531
3.63784
4.27355
4.26461
3.9156
4.41683
4.49121
3.98265
4.26408
3.36297
4.28073
3.93172
4.2751
4.23116
4.23015
4.14445
4.11367
3.84649
4.03827
4.11837
4.06478
3.89444
3.55121
4.01544
4.12485
4.09142
3.98276
4.0895
4.28064
3.87144
4.33312
3.58029
3.74723
3.69575
4.58422
4.38984
4.05406
4.0024
4.21238
3.67679
4.5269
3.45057
4.40879
3.8912
4.22622
4.07878
3.90143
3.92714
4.11644
4.02541
4.2942
4.04833
3.90607
3.95545
3.89613
3.88944
4.3624
4.09642
4.14537
4.03583
3.93971
4.13274
4.24878
4.38816
4.3373
4.07371
3.7321
4.20583
4.07768
3.5826
4.36351
4.22089
3.99805
3.97258
4.20502
4.17344
4.218
4.1954
4.49883
4.00845
4.00368
3.93425
4.19638
3.83894
4.08785
4.13786
4.02912
4.27772
3.88689
4.01803
4.09914
4.0786
4.29869
4.43231
3.68212
4.3437
3.78914
4.14516
4.04051
4.05465
4.48797
4.11711
4.51075
4.37011
3.73984
4.32909
3.51095
4.29638
4.14789
4.16455
4.27483
4.00314
4.19997
3.84186
4.17689
4.07676
3.96658
3.71171
4.46155
4.38119
3.86604
4.13845
4.46137
3.78956
4.44088
4.74732
4.13852
4.03817
4.02755
4.16332
3.85214
4.00806
4.02764
3.74421
4.10556
3.91326
3.52896
4.14869
4.08768
3.96784
4.05273
4.24352
3.97291
4.18828
3.67243
3.9209
3.73195
4.33977
3.69591
4.11683
4.08044
3.63875
4.2425
3.56107
4.05066
4.32637
3.55837
4.02006
4.40664
3.52737
3.8792
4.13469
4.03538
4.34183
4.10353
3.92898
4.45077
4.53
4.01066
4.35413
3.47279
4.0046
4.22569
3.72449
4.07655
4.02481
3.72131
4.12633
4.25674
3.88044
3.91499
3.95725
4.20696
3.77901
4.52501
3.96781
3.83379
4.28097
4.16854
3.91562
3.95857
3.73716
3.88945
4.12997
4.04793
3.96634
4.47356
4.1267
4.03047
4.404
4.25554
4.00977
3.99547
3.82015
3.9509
3.96339
4.31407
4.24601
3.83894
4.07613
4.10552
4.56556
3.76259
3.91942
3.94696
3.91134
4.36858
4.28709
3.53267
3.95697
4.55593
4.02713
3.81292
4.11141
3.98087
4.07943
3.86609
4.22527
3.5566
4.04497
3.93993
4.31805
4.07647
4.11881
4.3885
3.93824
4.37359
4.62506
4.05113
4.08668
3.79648
3.91009
4.07426
4.05
4.04785
4.48369
4.03646
3.52811
4.04107
4.02057
4.01728
3.97807
4.0371
3.70313
3.99148
4.05043
3.56697
4.47115
4.14024
4.02234
4.23389
3.80029
3.83323
4.03956
4.16749
4.25123
4.09625
4.04483
4.09565
3.84803
4.29969
4.19628
4.24776
4.23386
3.34143
4.38491
4.04718
4.2208
3.45389
3.99835
4.39028
3.82295
4.26253
3.96054
4.22893
3.75104
4.41584
4.15897
3.7201
3.73031
4.06333
3.97184
3.92332
4.3054
4.11513
4.25622
3.27521
4.24417
3.87801
3.94193
3.65612
4.43614
4.12704
3.70649
4.45187
4.11339
4.5555
4.19722
4.44828
3.73239
4.18429
3.88615
4.03165
4.22305
4.15936
4.29078
3.65003
4.33058
3.88716
3.93185
4.12801
3.83122
4.04134
4.09399
4.19166
3.9266
4.24134
4.33685
4.11943
4.01955
3.72335
4.10191
4.35918
4.16113
3.89474
4.16123
4.41684
4.22135
4.14297
4.01874
3.98169
3.82459
4.36422
4.5389
3.6835
4.27398
4.1851
3.84352
4.55832
4.08686
3.78095
4.02482
3.62368
3.82846
4.1723
3.95803
4.17444
4.08226
3.85364
4.09044
4.10058
3.83567
4.75978
3.92477
4.23614
4.20094
4.02837
4.26748
4.00894
4.01827
4.24779
3.91086
3.90105
4.32694
4.36942
3.83796
4.11049
4.07146
3.61802
3.9474
4.1001
4.07478
3.85589
4.16271
3.92078
3.74672
3.99134
4.25197
3.97295
4.08066
3.80355
4.41021
4.31428
4.26158
4.03972
4.01382
4.19091
4.07822
4.5002
4.02106
4.00534
4.11381
4.32567
3.937
4.32862
4.09137
3.80584
4.31091
4.14164
3.78536
3.72712
4.2284
4.15424
4.32434
3.97645
4.12667
4.51009
4.04006
3.96439
4.25186
3.84444
4.26399
3.81075
4.10088
4.24967
4.00252
3.79036
3.64641
4.25627
4.3798
4.27978
4.32386
3.72957
3.9096
4.09672
4.00941
4.10893
4.12885
4.19993
4.17962
3.89307
3.82231
4.1132
3.925
4.0518
4.136
4.10106
3.40043
3.62019
3.86501
4.05029
4.06196
3.96822
3.76923
3.96482
4.08491
4.05188
3.81591
4.60747
4.01823
4.1731
3.89992
4.06999
3.9922
4.30697
4.20299
4.34657
4.2177
4.08871
4.14672
3.80622
3.79895
3.50195
4.04124
4.12314
4.36762
4.28173
3.66744
4.07133
3.75911
4.02694
4.02188
4.26119
3.91394
3.6481
3.78251
3.85907
3.87005
4.0409
3.94959
4.13379
3.99123
3.74785
4.51466
3.38167
4.51393
4.14279
4.06666
4.03939
4.08273
4.32896
4.02024
3.80592
4.02665
4.32584
4.60391
4.00991
3.9865
4.4646
3.71808
3.41282
3.93782
4.07463
4.1485
3.82908
3.82995
4.3926
3.67582
3.72915
4.52633
4.19608
3.88444
4.05857
4.08569
4.06518
3.77922
3.47738
4.25085
4.17561
3.49446
3.91313
4.18906
4.18545
3.91011
4.27305
4.38314
3.94831
4.08871
4.07776
4.24382
4.2181
3.34785
4.45652
4.47387
4.06479
4.1631
4.13441
3.90203
4.15273
3.92879
4.18716
4.06232
3.98855
3.57791
4.13905
3.87826
4.1964
4.10133
3.72368
4.06289
3.80453
4.12786
4.24644
4.0483
4.57624
3.82441
4.16517
4.17633
4.47861
3.83183
4.27393
4.33533
4.21668
3.96651
3.83123
4.26042
3.44905
4.04189
3.89479
4.17292
4.12285
4.00922
4.03239
3.98882
4.4356
3.84471
4.32874
4.2965
4.11837
4.10943
3.96304
3.86033
3.92487
4.0937
4.10162
4.31668
4.29075
3.95596
3.969
3.61263
4.02626
3.82839
4.05303
3.97721
4.03713
4.2217
3.84971
4.39619
4.29589
3.89977
4.42489
3.69812
4.22177
4.36775
4.14267
4.04878
4.2407
4.25321
4.25428
3.96741
4.14622
3.97898
4.50283
3.84616
3.91458
3.89226
4.00621
3.92984
3.87318
4.37748
4.14137
4.2209
4.15011
4.42155
4.03119
4.00622
4.11701
4.06378
4.15171
3.50897
3.98578
4.30482
4.1638
4.37503
4.16592
4.49374
4.29827
4.01117
3.59531
4.15044
3.4884
3.89106
3.99153
3.60881
3.75242
3.98287
3.84645
4.08651
3.7502
4.13877
3.96495
4.07329
3.81234
4.36791
3.74791
4.00897
3.2904
4.3735
4.12754
3.96145
3.84044
4.18287
4.15254
4.29722
3.95442
4.33753
4.02072
4.13941
4.12851
3.57632
3.87451
3.88715
3.78157
3.87504
4.00039
4.0088
4.19209
3.71278
3.9007
3.89351
3.83416
3.82448
3.84726
3.80524
4.04041
4.58761
3.71546
4.37764
4.17405
4.04197
4.34242
4.23906
4.25269
4.17282
3.93495
4.24628
4.21221
3.90487
4.72274
3.9584
4.13967
3.92631
4.15327
4.25245
4.50559
3.84546
3.92287
4.47488
4.15172
3.8336
4.18102
4.46357
3.65297
4.01483
3.69727
4.20796
3.89998
3.8867
4.15838
4.5387
4.40568
4.2053
3.92932
4.36041
4.02877
3.7192
3.68521
4.14141
4.03435
4.11776
4.07671
4.08901
3.76887
3.85915
3.96764
4.09253
4.23017
4.04098
4.16587
4.23144
3.55726
4.18467
4.22259
4.03622
3.71147
4.41918
3.58483
4.46112
3.85287
4.13321
3.39102
4.20626
4.23069
4.12679
3.80916
4.30008
3.82415
4.32118
4.15175
4.06728
3.93999
4.23997
3.74926
4.03466
4.16051
4.25623
4.2753
3.76671
3.74231
4.28104
4.16276
4.24061
3.87551
3.91098
3.57515
4.28033
3.97004
3.99962
4.1248
4.42232
3.89909
3.73921
3.93858
3.88301
3.93514
3.99168
3.55877
3.67615
4.58165
4.02118
4.07915
4.14037
4.30569
4.01053
4.14385
3.7271
4.2952
4.17111
3.8801
4.28288
3.96873
3.97267
3.97725
4.14232
4.19523
4.17499
3.95657
4.39896
4.14087
4.04839
3.74725
4.10101
4.6491
4.30048
4.00334
3.87356
4.27819
3.77932
4.26799
4.06427
3.62959
4.15238
4.12455
3.68869
4.24328
3.93587
3.79275
4.0768
3.71807
4.22251
4.01762
4.35469
4.05158
4.72984
4.48465
4.2345
3.74885
4.16341
4.25162
4.45308
3.84377
4.06426
4.22132
3.6899
4.35914
4.09183
3.67212
4.22485
4.27346
3.6331
3.85627
4.61284
4.34537
4.26011
3.70615
4.26735
3.77467
4.01898
3.65407
4.38148
4.0761
4.11293
4.11713
4.0792
3.66627
3.97315
3.87489
4.53648
4.33481
4.19105
4.21964
4.01949
4.02965
4.01197
3.99707
3.80784
3.71719
4.28525
3.84019
4.14966
4.26146
3.70096
4.06294
4.16293
4.07
3.99086
4.36468
4.04936
4.06894
4.17404
3.89304
3.89659
3.81033
3.64172
4.11208
4.21994
4.12749
4.06788
4.06683
4.15252
4.31525
4.66316
3.9468
4.31038
4.08215
3.92535
4.05207
4.18878
4.18987
3.90916
4.08995
3.98816
4.24718
3.63372
3.93097
3.78222
4.05273
3.60163
3.49305
4.37482
4.31996
3.71801
4.18425
3.97395
4.05793
3.95343
4.31109
3.89491
3.96637
3.99071
4.12097
3.85546
3.49341
3.97388
4.27558
4.19233
4.03117
4.03709
3.65023
4.01851
3.79783
3.96038
3.86136
4.13328
4.31235
4.03527
3.9058
3.75783
4.09498
4.43134
3.93416
4.26195
4.72596
4.18342
4.07793
4.21121
3.8478
4.15979
4.07169
4.22133
3.45459
4.52169
4.25075
4.26155
4.22175
3.95607
4.08085
4.19172
4.39627
3.97581
3.96546
3.91455
3.53851
4.00148
3.68248
3.75901
4.33169
4.11733
4.10229
3.95371
3.81358
4.38061
4.32785
4.3197
4.01922
4.06096
4.3565
3.54714
4.02092
3.80661
4.11882
3.85105
4.20038
3.96668
3.89431
3.92095
3.9862
3.98306
4.08629
4.33306
4.0671
3.91421
3.94941
4.22386
3.95653
3.61041
3.91736
3.82803
3.70161
4.23961
4.38302
3.79517
3.83965
4.1115
4.09865
4.21355
3.51343
4.07882
3.98305
4.05799
3.85882
4.23602
4.15439
3.90558
3.8873
4.30419
4.12658
4.10474
4.05171
4.09786
4.21343
4.19505
4.17069
4.32673
4.09471
4.37167
3.73296
4.12411
4.06116
4.01409
3.87721
4.1767
4.18339
4.2321
4.04424
3.82352
4.0306
4.35806
4.0502
4.3112
4.43733
4.26465
3.91841
4.13079
4.02187
4.07592
4.43255
3.65564
4.30103
4.45548
4.11184
4.01393
4.03939
4.72184
4.22784
4.06587
4.05237
3.84163
4.04021
3.96069
4.23868
3.79915
4.00873
4.16607
3.70433
4.12147
3.79462
4.08193
4.32997
3.93313
3.93197
3.96654
4.06964
4.62958
3.98229
4.29326
4.13182
3.93052
4.09094
4.19539
4.52285
3.73629
4.08752
3.9326
4.12031
4.30659
3.62826
4.05084
3.96681
4.26097
3.74079
3.65444
4.06975
4.27183
4.544
4.03219
4.04453
3.95608
3.8024
3.66291
3.67089
3.88108
3.88326
4.38264
4.29134
3.84798
3.35571
3.94087
4.25288
3.59847
3.95997
4.16797
3.98629
4.2259
3.46851
4.26734
4.19896
4.23609
3.81269
4.03771
3.64849
4.48899
3.6318
3.7652
4.07152
4.28916
4.29792
3.85899
3.96546
4.10636
4.17203
4.18363
3.9914
3.91853
4.104
4.08043
4.31741
4.06283
3.90255
4.1252
3.85254
4.53707
4.33686
3.82841
4.32119
4.18885
3.95611
3.75983
4.26766
4.11567
4.00023
4.07719
3.75537
4.12062
4.01698
4.53379
4.27114
3.66993
4.125
4.05285
4.46227
4.46291
4.29508
3.7779
3.67601
4.09557
4.0667
4.52277
4.32409
4.20081
4.06907
3.8568
3.73907
4.12145
4.36791
3.66085
4.2452
4.09917
3.78905
3.92292
4.10235
4.20505
4.37098
4.2106
4.40131
3.87745
4.17059
4.1249
3.98959
4.13282
3.6933
4.04743
3.69461
4.29876
3.91556
4.20557
4.29125
4.3481
4.49914
3.37668
4.1866
3.81042
3.90594
4.23256
3.97858
4.28902
3.92616
4.28923
4.1779
4.25486
4.0429
4.20877
4.12706
4.17029
4.21902
4.08157
4.03545
3.89492
4.25407
4.27172
4.41815
4.06825
3.91619
4.13327
3.95754
3.95337
4.08518
4.2036
4.2211
4.07511
4.07922
3.91379
4.10363
3.92176
3.93289
4.49218
4.03581
3.9229
4.20891
4.2817
4.41971
3.66725
4.4962
4.56049
3.79256
4.29473
3.91753
4.30417
4.41879
3.80097
4.2349
4.09314
3.91148
4.3098
4.31814
4.03617
4.306
4.0439
3.7971
4.19412
4.09106
4.17926
4.26451
3.90145
3.51283
4.18723
4.26772
3.9729
3.79444
4.02211
4.39776
3.88192
4.50268
3.65817
4.08867
3.78012
3.90929
4.27157
4.4174
4.14109
3.81214
3.93084
3.94828
3.99511
4.56182
3.78493
3.83253
4.01642
4.00761
4.42471
4.14147
4.53828
4.00741
3.68879
4.19082
4.07239
3.50021
3.98146
3.99223
4.35965
4.05548
3.67802
4.07942
4.15514
3.87978
4.4572
3.71255
4.4683
4.36787
4.23865
4.15746
4.41798
3.97887
4.18184
4.0738
3.91542
3.83599
4.07931
3.8372
4.26625
3.91803
4.34979
4.16085
4.33152
4.2708
3.76569
4.09532
4.16154
4.30788
4.10097
4.19231
4.14314
4.20976
4.41363
4.37884
3.9791
4.652
3.94442
4.12794
3.67942
4.25029
4.2038
4.06416
4.33802
3.96243
4.00934
4.33294
4.3497
4.44567
4.21224
4.11781
4.16941
4.05596
4.11988
4.04574
4.02902
3.9701
3.48196
3.83236
4.17337
4.12347
4.35114
3.98303
4.18499
4.0663
3.93256
4.053
4.18614
4.14699
3.99506
3.97703
3.56287
4.54882
4.20811
3.8736
4.20977
4.41798
4.56127
3.79797
4.54731
4.03935
3.74817
3.73657
4.01468
4.37077
4.08006
3.97348
4.53229
4.12197
3.62137
3.96918
4.22965
4.43682
4.10444
4.3168
3.66643
3.66798
3.77416
4.39517
4.29756
4.26304
3.81735
3.58619
4.46921
3.70016
4.21353
4.24665
3.6708
3.53252
3.99323
4.15052
3.78733
4.09276
4.33675
3.6778
4.37391
4.14705
4.33615
4.22704
4.40607
3.89641
4.43872
4.03275
4.23011
3.92668
3.72368
4.24803
4.21374
3.94232
3.81869
3.90809
3.87526
3.95232
4.2045
4.33911
4.24479
4.00951
3.57773
4.16826
3.80423
4.52799
4.13147
4.0513
4.31987
3.95612
3.94259
4.19541
4.14949
3.95693
3.63102
4.39722
4.09276
4.45738
3.81878
4.20327
4.24117
4.03654
4.42427
3.75557
4.05096
3.71351
4.11342
4.2098
4.12775
4.17107
3.93423
4.18767
4.09424
4.22856
4.23193
4.26156
3.69307
4.12624
4.26146
4.25933
3.81568
3.89926
4.07136
4.05699
3.78218
4.02332
4.1466
3.8855
4.43308
4.04459
4.04333
3.9691
3.99782
4.35487
3.91742
4.37608
4.39284
4.15689
4.09347
4.38461
4.37785
3.9026
4.14506
3.73148
4.1917
4.17471
3.97475
4.20575
3.98328
4.12751
4.43412
4.46109
4.10943
3.82881
4.23482
4.08839
4.01405
3.82297
4.33114
4.29674
3.47649
4.10626
4.65231
4.15846
3.99783
4.05024
4.22088
4.38616
3.53602
3.91054
3.92186
3.87529
3.84905
3.99993
4.35949
4.14195
4.42066
3.84422
4.1275
4.05989
4.23055
3.91158
3.93176
4.11524
3.88478
4.30151
4.12038
4.18222
4.34304
4.29682
4.18801
4.14483
4.12454
4.45291
4.53921
3.96339
4.51693
4.08081
3.79763
3.88472
3.82981
4.00289
3.83233
4.00137
4.27888
4.1779
4.03995
3.96851
4.1093
4.05086
3.98497
4.19183
3.76927
4.0015
4.39535
3.7997
4.22933
4.23455
4.08336
4.19596
3.92138
4.4939
4.08613
4.21594
4.35354
4.19012
4.33262
4.23185
4.1157
4.28693
4.04581
3.73213
4.32374
4.11062
4.01204
3.95051
3.68731
4.63407
4.24878
3.66203
4.21304
3.75285
3.70149
3.94816
3.94581
4.03649
3.99549
3.76401
4.46709
4.34928
3.66632
4.31388
3.52414
4.01627
3.88326
4.17548
4.14981
3.73803
4.6206
3.7785
3.90017
3.99348
4.14341
3.70124
4.19338
4.21538
3.97
3.8649
4.02048
4.15304
3.54371
4.43944
4.5086
4.04764
3.57684
4.38426
4.01729
3.60865
3.86138
3.87679
3.92082
3.67702
4.15448
4.31614
3.97463
3.70506
4.03667
3.84521
3.73154
4.13116
4.14109
4.08502
3.40521
4.24304
3.93521
4.08308
4.1312
4.16324
4.02694
4.22094
3.92408
4.16635
4.19572
3.87027
3.88509
4.5764
4.47713
3.82714
4.23459
4.01713
4.30036
4.28312
4.4081
4.07387
4.08474
4.08488
3.66642
4.40172
4.01426
4.8025
4.35988
3.67374
4.16903
3.81629
4.16007
4.15497
4.24586
4.3547
4.18973
3.81283
4.14869
4.16574
3.91134
4.12948
4.55043
4.12847
3.96185
4.08534
4.16647
3.99333
3.97041
4.16296
3.97252
4.35373
3.90199
4.38274
4.14496
4.75702
4.56296
3.99587
4.27763
4.33873
4.13907
3.86629
3.68147
4.26973
4.02303
4.29529
4.22095
4.11255
3.45953
4.54939
3.85891
4.42047
3.78256
3.67036
4.15622
4.02462
4.20161
3.85003
4.31582
3.99154
3.99486
4.03589
4.20855
4.09217
4.21593
4.63164
4.11248
4.34458
4.13897
4.02709
4.094
3.83291
3.81362
4.09059
4.17376
3.87952
3.98637
3.75899
4.05848
4.19095
4.18082
4.29123
3.8807
4.01123
4.36069
4.20226
4.20601
3.99434
4.38979
4.1963
4.02911
3.79503
4.04078
3.66651
4.03575
3.73508
4.40054
3.44786
4.76525
4.27032
4.34397
3.93846
4.14341
4.01167
4.14123
4.30197
3.85574
3.71852
4.26628
3.97327
4.11613
4.39933
3.75511
4.33559
3.97352
4.12746
4.11029
4.16712
4.11371
3.85154
3.6442
3.97475
4.26906
4.00672
3.97124
3.47534
3.8316
3.97362
4.18984
3.74433
4.17845
4.43782
4.06418
4.11391
3.6425
4.02928
3.86189
4.1957
4.23561
3.3956
4.40638
4.1619
4.3198
4.35907
4.12466
4.28999
4.21213
4.02224
4.20794
3.91446
3.65225
4.02586
4.10056
3.79562
3.94551
4.46012
4.14202
4.17706
4.30866
4.23217
4.3655
4.15155
4.02336
4.28463
4.37169
4.30804
4.5139
4.27789
4.01275
4.00166
3.81195
3.57543
4.55634
4.37668
3.98398
3.86728
4.22014
4.09497
4.34954
4.37244
4.331
3.70995
4.09514
4.04289
3.85172
4.10454
3.70412
3.80594
3.70654
4.23886
4.00765
3.9401
3.82512
4.35167
3.8794
4.21912
3.86462
4.33789
4.47017
3.77238
4.03194
4.11845
3.89285
4.01744
4.01074
4.18617
4.43591
4.03357
4.28584
4.03819
3.76507
4.07862
4.54455
4.01972
3.94227
3.62772
3.7823
4.44206
3.78863
4.15164
4.09521
3.7727
4.58136
4.03217
4.05535
3.81965
3.7385
3.90042
3.86653
3.8245
3.60576
4.01131
3.60558
4.0636
4.0138
3.88117
3.8115
4.133
4.11957
4.07663
3.94914
3.98605
3.91588
3.8868
4.09329
4.0389
3.748
3.93585
3.99786
4.07617
4.17421
3.81821
4.62827
3.88825
4.22523
3.84796
4.09405
3.9338
4.2359
4.16454
3.97698
4.2453
4.19137
4.47287
3.88151
4.2043
3.83967
4.35405
4.00962
4.21164
3.75592
4.00281
3.85446
3.48601
3.9122
4.06151
4.18398
4.04033
3.71328
4.16918
3.82535
4.22818
3.70683
3.83659
3.91244
3.80245
3.97107
4.20225
4.27341
4.1263
3.71283
4.12796
4.00222
3.77439
3.85218
3.90025
4.20708
4.52644
4.41964
4.26711
4.60208
4.21325
4.56371
4.0137
3.90444
4.03733
4.08073
3.74815
4.19123
4.10385
3.73806
4.43291
3.48193
3.52211
4.28213
3.80289
4.14013
4.28362
4.49701
3.91852
3.99897
4.04125
4.2167
3.84449
3.99118
4.09932
3.91897
4.42373
4.35963
3.85818
3.65016
4.32979
4.17617
3.29313
4.30587
3.84712
4.42436
3.8463
4.00217
4.15517
3.88495
3.92787
4.11743
4.47419
4.31244
3.9297
4.0288
4.65326
3.63043
4.51229
4.26503
4.49445
4.29552
4.09103
4.24647
4.19488
4.00766
4.10254
4.02346
4.19756
3.82432
3.76525
4.27885
4.26626
4.15307
4.20535
4.20293
4.45003
3.80087
3.77977
4.49121
4.54804
3.67166
4.36076
4.35407
3.87953
3.56275
4.26392
4.05452
3.97052
3.87851
3.93388
3.95601
4.0156
4.04913
4.13672
3.60923
3.99744
4.12242
3.8025
4.62842
3.91233
4.24774
4.36713
4.38381
3.98477
4.4541
3.9959
4.59625
4.5531
4.08694
3.9925
4.28324
3.99015
4.4947
4.02398
4.27633
4.16405
4.11137
3.90496
3.77732
4.46691
4.00047
4.31117
4.1303
4.11869
3.64888
4.14238
4.2365
4.19891
3.96235
4.0977
3.95494
4.05003
4.43018
4.12823
3.86052
3.95979
3.58543
4.29314
4.25135
3.80357
3.38965
4.08864
3.72022
3.76486
4.17265
3.8731
4.12153
4.05614
4.03333
4.00188
3.92867
3.94669
3.61331
3.89878
4.01354
4.26324
3.94613
4.18087
4.23394
3.89124
4.01829
4.4251
4.28108
4.0161
3.77243
3.9718
3.67164
4.11889
4.17964
3.95432
4.37026
3.9699
4.3187
4.34293
4.22251
3.96934
4.06289
4.29909
4.18309
4.06027
4.0075
4.2068
4.32385
3.9374
4.07651
4.64725
4.03618
3.92939
4.13638
3.96299
3.40036
4.2933
4.50327
3.62962
4.01794
4.16979
3.83393
4.01857
4.0232
3.99326
3.90801
4.31956
4.03511
4.22659
4.20996
4.29873
4.41858
4.12865
3.68173
4.04984
4.13773
4.46492
4.35521
4.2084
4.09337
3.95495
4.32669
3.5679
4.2434
4.35436
3.99764
4.43807
4.05493
4.05397
4.53029
3.44391
4.20882
3.83416
4.45748
3.97531
4.21396
3.98488
4.31588
4.18812
4.30733
4.12853
3.97858
4.194
4.27465
3.87425
4.06754
3.76412
3.77407
4.59472
3.86358
4.0441
3.75017
4.15794
4.16974
3.74624
4.40537
3.834
4.60438
4.21894
4.26491
4.05488
3.79259
4.2485
3.86025
4.4807
4.07043
4.05237
4.08077
3.77028
3.69544
3.92243
4.43624
4.2376
4.18952
4.05293
3.90464
4.26039
4.2468
3.96379
4.00933
4.05809
4.02707
4.25093
4.14348
4.15061
3.80982
4.38122
4.22357
4.066
4.09174
3.81569
4.17521
3.6822
3.66635
3.99671
3.81418
3.94649
4.06251
3.98686
3.99613
4.04616
3.7566
4.44313
4.25301
4.25737
3.92087
4.15238
3.6486
4.1267
3.35088
4.03805
4.00614
4.3245
3.9996
3.77332
4.25299
4.17224
4.15923
4.0187
4.07294
3.77586
4.14243
4.09791
4.22552
4.07567
3.72852
4.09605
3.87335
4.18742
4.38902
4.25072
4.13718
3.99185
3.99922
4.39774
4.39849
3.76176
4.26649
4.36188
4.1337
3.85465
4.22149
4.10443
3.59037
4.22917
3.92557
4.25959
4.39407
3.64643
4.382
4.15712
4.3497
3.65606
4.10062
4.1099
4.13697
4.25519
4.02787
4.3786
3.84218
3.66818
3.82951
4.36233
4.59989
3.95713
4.10334
3.89724
4.06994
4.30896
4.02045
4.08516
3.97278
3.88717
4.08155
4.16832
3.70711
3.94047
4.16144
4.42053
4.42033
4.00249
3.97739
4.01525
4.12827
3.90548
4.25624
4.07047
3.62452
4.38567
4.49415
4.08029
4.18366
4.00165
4.39758
3.96845
3.86851
3.55978
4.59195
4.18379
3.69779
4.1025
4.07948
3.5897
3.84846
3.80869
4.14571
4.33379
4.37384
4.29787
3.81392
3.93646
3.87696
4.65121
3.8492
4.21125
3.36402
4.00345
3.94127
4.1735
3.3635
4.16461
4.19931
4.32325
3.98552
3.8612
4.18304
3.99867
3.93535
3.6971
4.26402
4.72647
4.00187
3.637
4.04603
3.89195
4.25249
3.83237
3.78643
3.82932
3.97992
4.10494
4.33934
4.13112
4.10529
3.86934
3.93354
3.76839
4.22873
4.30687
4.38726
4.22482
3.78652
4.14722
3.74549
4.23236
4.06792
4.13687
4.14003
4.16293
4.27549
4.3782
4.15922
4.09016
4.17961
3.94
3.91396
4.17713
4.13711
4.09906
4.21071
4.40859
4.14347
4.32711
3.92884
3.61642
4.22982
3.68908
4.28862
3.88647
3.97038
4.34462
4.23267
4.23442
3.76226
4.29427
4.44775
4.209
3.86268
3.94917
4.08811
4.2507
3.99995
4.21723
4.39968
3.77406
3.99286
3.91749
4.51042
3.64051
4.50376
4.39624
3.71983
3.94933
3.97417
4.06196
4.43388
4.16454
3.93829
3.91435
4.21897
3.69547
4.03847
4.1989
3.88956
4.33902
4.11013
3.84537
4.11382
3.65735
4.04162
4.05382
4.14455
3.99648
4.23
3.63171
3.91406
3.91355
4.27801
3.76699
4.20215
4.07632
4.17849
4.24139
3.93795
3.90252
3.9831
3.87232
3.71696
3.72373
3.95732
4.13574
3.96963
3.99632
4.30619
4.28162
4.13279
3.91433
3.37662
4.39555
3.94143
4.22533
4.29642
3.87468
3.96383
4.37125
3.86651
4.45345
3.78656
4.4873
4.03951
4.2225
3.69377
3.82255
3.75155
4.25481
3.68382
4.01901
3.88989
4.30996
3.9841
3.83914
3.94482
4.08308
3.90321
3.8877
4.38131
3.81658
4.06026
4.12056
4.49516
3.79745
4.25755
4.14076
4.29578
4.25243
4.12994
3.99917
4.18176
3.93545
4.11422
3.37712
4.11531
4.56899
4.06296
4.03109
3.85603
3.74616
4.16713
3.95658
3.72179
4.13198
4.37133
4.01717
4.36303
4.31886
3.95072
3.94898
4.14672
3.4761
3.81723
4.06141
4.64584
4.06099
4.50051
4.09957
3.77829
4.17107
4.27059
3.95235
4.01133
4.20434
4.03554
4.39064
4.35749
4.05627
4.12091
4.16387
4.56866
4.22421
4.23659
4.26604
4.31522
4.17046
4.18772
4.58628
3.91255
3.85463
3.64456
4.09279
4.21596
4.05838
3.812
4.06367
3.75212
3.61743
4.17345
4.25875
4.523
3.71684
3.84657
4.06366
4.16862
4.07095
4.05256
3.95137
3.98681
3.83042
4.33516
4.25153
4.04548
3.87212
4.13851
3.97296
4.48955
3.86021
4.00717
4.02361
4.14618
4.11956
4.16782
4.36027
4.21463
4.33621
4.08955
4.14843
4.2915
4.36735
4.02613
4.00606
4.37955
3.75205
4.23331
3.61479
4.35218
3.88169
3.99616
4.53237
4.32407
4.07572
4.16917
4.10383
4.1617
4.00278
4.22068
3.7864
3.68058
4.2007
3.80957
4.13751
3.8155
3.86842
4.19625
4.24515
4.41487
4.26037
4.31612
4.07496
4.28163
4.56732
4.06407
4.03384
3.77382
3.81454
4.04946
4.08381
3.90346
3.8193
4.57505
3.97888
3.84498
4.54976
4.36377
3.51876
3.91092
4.00453
4.02776
4.23395
4.27883
4.30593
4.19285
4.03859
3.99609
4.59226
3.70506
3.93734
3.75442
3.7244
4.02359
3.79137
4.06899
3.81763
4.08705
4.18155
4.14969
4.12074
4.00251
4.18386
4.11208
4.28468
4.01203
3.97902
4.18002
3.75613
4.06655
3.98651
4.38463
4.00547
4.10599
4.01571
4.14131
4.25399
3.96781
4.32466
3.56135
4.00377
4.17198
4.32131
4.02974
3.73118
4.38709
4.09358
3.70778
4.14113
4.39586
4.27475
3.8095
4.04337
3.93909
4.34951
3.89811
4.16126
4.4384
4.1217
3.98215
4.00159
4.22881
3.71796
4.4073
3.45504
3.87207
4.25098
4.30847
3.69281
3.56045
4.1829
4.19176
3.69849
4.26577
3.64491
4.0513
4.30931
4.62563
3.84394
4.06899
4.01944
3.42284
4.52216
4.32208
4.04054
3.88415
4.08358
4.03858
3.84194
4.22082
3.63576
4.32097
4.14925
3.86202
4.18975
3.94866
4.11519
4.18271
4.21551
4.20324
4.37549
4.25611
4.3451
4.16181
4.2511
4.4639
4.30437
3.88607
3.9808
3.99577
4.25027
4.06057
4.20813
3.92665
4.26693
4.14116
4.06116
4.03549
3.66964
3.7162
4.15103
4.17902
3.94809
3.90438
4.08128
4.33011
3.82
4.53051
4.22813
4.06644
3.94095
4.34228
4.09717
4.17772
4.2222
3.40615
4.02705
4.1415
4.3238
3.83979
3.97998
4.00423
4.20383
3.73348
4.2599
4.21087
3.8889
3.87795
4.28222
3.78946
3.93459
3.65884
4.38489
3.88454
4.20434
3.9809
4.01406
4.29621
4.17447
4.18656
4.07617
3.82862
4.15944
3.88796
4.13943
4.04693
4.29266
4.32239
4.18575
4.0815
3.9631
3.87298
3.91291
4.41483
4.50077
3.80241
4.30821
4.41379
4.01816
4.05282
4.15556
4.44877
4.28523
4.25898
4.04736
4.19734
4.29444
4.00391
4.23909
3.84068
4.15005
3.47038
3.60131
4.10109
3.87292
4.13935
4.45775
3.70623
4.09591
3.82677
4.05986
3.7099
4.67958
4.11941
4.23144
3.90042
4.54626
3.85418
3.72749
4.6528
3.96354
3.91984
3.56964
4.26741
3.71505
3.55877
4.27971
3.61969
4.76166
4.02408
3.80986
3.8442
3.99096
4.05499
4.09039
3.82762
3.5835
3.7598
3.93258
4.19521
4.28795
4.1538
3.96778
4.12655
4.40879
3.93931
4.21335
4.26866
3.59764
4.25777
4.12455
4.21503
3.62621
4.37401
4.25681
3.81112
4.19623
4.23827
4.14115
4.54035
3.64542
4.25963
4.13207
4.25939
3.78468
3.40195
3.60597
3.81336
4.19279
3.94173
4.03578
3.91429
4.02294
3.70115
3.79977
4.28657
4.03205
4.0995
4.00226
4.11685
4.0927
3.91561
3.98034
4.45857
3.90803
3.88724
4.13201
4.27379
4.10362
4.1649
4.03277
4.21829
4.20415
3.96199
3.20673
3.73255
4.29186
3.76392
4.27735
3.86667
4.15293
4.2193
4.481
4.40027
3.74263
4.02626
3.75757
4.06302
4.19332
4.22033
3.91095
4.12282
4.09296
4.56393
4.05939
4.18673
4.04891
3.67318
3.81831
4.51669
4.23936
4.10688
4.20657
3.78019
3.79748
3.7332
4.43073
3.65886
3.91104
4.2203
3.75615
4.21627
3.88324
3.81544
4.25618
3.85294
4.12326
4.39485
3.92094
3.90776
3.97319
3.72648
3.96836
3.95652
4.11308
4.33928
3.78373
4.50287
3.77809
4.06629
4.47915
3.90155
3.91106
4.00183
4.02282
3.77418
3.70229
4.08111
4.23995
4.18248
3.50404
3.52298
4.10502
4.35538
4.5042
4.31415
3.93209
3.89835
4.17069
4.025
3.90694
4.1688
3.94865
3.92063
4.18561
3.99799
4.04356
4.47107
3.88808
3.72591
3.82742
4.11826
4.03127
4.04615
3.95675
4.59431
3.64671
4.68275
4.02635
3.82049
4.19427
4.26137
4.20522
4.13989
3.62849
4.1621
3.70423
4.12108
3.99015
4.16034
4.26752
3.97702
4.1113
4.17668
4.149
3.76881
4.08972
3.87774
3.97207
3.78408
3.83858
3.84746
4.24693
4.10347
3.86001
3.99955
3.7915
3.99326
4.50946
4.02452
4.15675
3.97201
3.89426
3.83885
4.08253
4.08408
4.17133
3.9364
4.08439
4.02081
4.25953
4.43186
4.59935
4.13205
4.05298
3.94837
4.2203
3.50228
4.0109
4.32457
4.21745
4.14267
4.1543
3.67652
3.5239
4.04994
4.04313
4.34583
3.96259
3.53861
4.07891
4.22787
4.33058
3.73966
3.87594
3.74021
4.13196
3.98815
3.90222
4.28131
4.0898
3.98388
4.68843
3.81472
4.15103
4.05485
4.2044
3.98561
4.18718
4.07262
3.82242
4.1436
4.18392
4.02581
4.0303
3.9309
4.31937
4.04815
4.28509
4.24037
3.86189
3.87627
3.94846
4.01376
4.15202
4.03698
4.5337
4.47681
4.44029
3.21388
4.07016
4.23915
4.04113
4.6225
3.80218
3.56253
4.17245
3.98909
3.55635
4.57079
4.16721
3.8036
4.15774
3.87399
3.79461
3.95812
3.64472
4.13321
4.60141
3.93985
3.82567
4.53799
4.26778
4.07184
4.27684
4.34862
3.93761
3.78024
4.11974
4.54241
3.83147
4.01817
4.37664
3.93888
3.85175
3.82181
4.6766
4.07212
4.26989
3.9981
3.88383
4.11559
3.72003
4.01547
3.8979
3.93969
4.10493
4.48511
3.7589
4.11533
4.18489
3.84626
3.67551
3.67234
4.2288
4.17665
4.1772
4.2235
4.44978
3.95884
4.31816
4.65097
4.13186
3.62915
4.41579
3.831
3.93408
3.94689
3.92117
4.15539
4.54969
4.44266
4.16238
4.04384
4.03044
4.22887
4.11474
4.18825
3.66434
3.83195
4.023
4.36922
4.27398
3.7244
3.85182
4.01022
4.10002
4.1046
3.78907
4.1666
3.97838
4.38202
4.07797
4.33827
3.97893
3.75866
4.06041
4.36877
4.45519
4.20136
4.26287
4.22904
3.75772
3.56528
4.28771
4.0506
4.02008
3.78655
4.24358
4.58686
3.98181
4.10752
4.19653
3.9725
3.99783
3.9217
4.14124
4.01266
4.33192
4.05959
3.91391
3.99053
3.69792
3.83136
4.12912
3.55771
4.20108
4.2918
4.11597
3.98066
3.7638
4.20713
3.94441
4.02748
3.98471
4.31884
3.8735
3.92049
4.07251
4.17139
4.17693
4.5131
3.8938
3.68497
4.28187
4.15824
4.44739
3.96797
4.19435
3.99394
4.10992
4.03765
4.16815
4.10219
4.20603
4.28726
3.96942
3.85488
3.83083
4.05055
3.89387
4.34404
3.93601
4.0831
4.13557
4.36384
4.09157
3.98775
4.05365
4.25126
3.8788
4.25468
3.85417
4.46553
4.03617
3.93223
4.48146
4.05734
4.59632
3.67241
3.88294
3.81782
4.15342
4.35676
4.37415
3.97641
4.31853
3.6504
3.76665
3.63777
4.59124
4.25111
4.19999
4.11052
4.03333
3.91293
4.06588
4.2408
3.95442
3.95856
4.74681
3.96406
4.57365
4.05876
4.36012
3.76436
4.03809
3.50296
3.76129
3.74711
3.76875
3.49601
3.68689
3.91615
4.06945
4.18714
4.22573
4.30903
3.98865
3.88752
4.2652
3.81545
4.12323
4.19451
4.26383
4.13582
4.3519
4.06856
4.51062
4.33838
4.15444
3.61131
3.91629
4.10431
3.45388
4.08614
4.47282
4.00213
3.57752
3.83841
4.2332
4.47079
3.9522
4.25247
4.09176
4.08622
4.3019
3.54107
4.06474
3.94777
3.98099
4.05889
3.90099
4.38144
4.12508
4.20267
4.39564
3.73131
4.13075
4.26769
4.09934
4.18863
3.99389
3.95404
3.90003
4.21439
4.23542
3.97816
4.26202
4.26151
3.92622
4.21327
4.17898
4.30559
4.00577
4.13644
4.10502
4.21331
3.98272
4.11628
4.40159
4.28481
4.20795
4.014
4.36072
3.95253
4.36336
4.40713
3.72115
3.50056
4.45569
3.83381
3.77059
3.905
3.53535
4.20585
4.33404
4.12682
4.37323
3.53597
4.16042
3.83626
4.53702
3.53147
3.95506
3.83006
3.75293
4.12002
3.78809
3.93922
3.26777
3.88041
4.42219
4.09256
4.34812
4.13617
4.01288
4.23016
3.7845
3.79557
3.89119
4.41172
4.18029
3.61684
3.86264
4.00466
4.25002
4.13141
4.27457
3.75921
4.53694
3.73316
3.98124
3.98978
3.95154
4.10723
3.9511
4.22024
4.01005
4.07281
3.84628
4.12406
4.32599
4.17799
3.67645
4.37057
4.24037
3.85736
3.66971
4.14332
4.48878
4.38627
4.19657
4.17985
4.42821
4.59638
4.52194
4.25237
4.33558
4.46102
4.06467
4.01845
3.84225
4.41925
4.47208
4.09705
4.30597
4.48243
4.94111
4.21929
3.88383
4.04054
4.07016
4.11197
3.92879
3.64309
4.13574
4.0401
4.25633
4.0762
4.09285
3.72871
4.40948
4.23361
4.07944
3.78785
3.95563
4.01464
4.248
4.14611
3.79703
3.77458
3.85607
3.99483
4.03312
4.07094
4.33792
4.40706
4.21486
4.03635
3.98322
3.88289
3.93418
3.94229
4.18534
4.28429
4.27155
3.83041
3.8489
4.11029
4.13087
4.10332
3.95707
4.27452
3.9905
3.81485
4.30155
4.03929
3.94773
4.25631
3.74172
3.78676
4.2887
3.8217
3.96121
4.3074
3.75861
4.31607
4.04329
3.93531
3.93728
4.21918
4.24208
3.99419
4.10356
4.29248
4.12276
4.11311
4.31667
3.7457
3.99677
4.6008
4.06133
3.98406
3.73381
4.06509
3.86433
4.13947
4.19949
4.0719
4.04223
4.29607
4.10151
4.38721
3.88384
4.53731
4.02459
4.28842
4.38711
3.85477
4.01616
4.67539
3.5559
4.17336
4.35521
3.69322
3.80053
4.31334
4.62485
4.12954
3.98223
3.86017
4.26579
4.02237
4.16962
4.11861
3.87055
3.99702
3.91767
4.01157
4.01048
3.91369
4.35407
3.99299
3.93521
3.88417
4.24422
3.91364
4.27841
4.35178
4.40096
4.12746
4.30316
3.82744
3.78678
3.5435
4.10397
4.11788
4.13994
4.1896
4.21307
3.97194
4.45855
4.57669
4.10733
4.26724
3.64159
3.80201
4.34361
4.13501
4.04018
4.24117
4.0922
3.62667
4.34301
4.20179
3.61269
3.9939
4.16892
4.40895
4.09528
4.20294
3.7351
4.41129
4.30442
4.19789
3.98769
3.95178
4.11062
3.73636
4.14161
3.94971
3.85469
4.31126
3.84933
4.0532
4.38094
3.98181
4.05879
4.57432
4.33001
4.10916
3.81856
4.40887
3.80783
4.37142
3.70135
4.19439
4.15487
4.3973
4.02289
3.91107
3.8597
4.61166
3.93364
3.85542
4.38581
4.54238
4.26462
4.21021
4.55407
4.39039
3.84856
4.40637
3.9059
4.12378
4.23461
4.06245
4.02378
4.20316
4.03669
3.70877
