29.094
28.6673
28.9722
28.4879
28.4524
29.1523
28.9442
28.6301
28.9051
28.8509
29.0134
28.8825
28.7997
28.719
28.6885
28.8837
29.1076
29.1995
28.7906
28.926
28.6038
28.8404
29.0335
28.5582
28.9216
28.7153
28.7521
28.8954
28.5875
29.1285
28.789
28.8534
28.8884
29.0446
28.8745
28.7812
29.3457
28.1462
28.7997
28.7524
29.0561
29.3222
29.068
29.2474
28.9404
28.56
29.1231
28.918
28.6917
29.0985
28.7316
28.7601
29.3683
28.9656
28.6242
29.1699
29.1832
28.7154
28.9958
28.629
28.6514
28.8638
28.7905
29.2408
28.8656
28.6868
29.0162
28.9106
28.733
28.7175
28.8079
28.9285
29.0606
28.5188
28.9232
29.1302
29.1257
28.6381
28.7309
28.7567
28.3529
28.5057
29.0409
28.612
28.7154
28.2149
28.97
28.5753
29.263
28.9427
28.6552
28.5757
29.1005
28.9543
28.6325
28.9718
28.8125
28.5455
28.9663
28.8024
28.9366
29.0762
29.1786
28.9957
28.7427
28.875
28.625
28.7275
28.8076
28.3459
28.982
28.9198
29.0265
28.785
28.511
29.2515
28.6546
28.7828
28.8137
28.7675
29.0376
29.2196
28.8492
28.5624
28.9499
28.8755
29.2434
28.7121
29.4401
29.0641
28.2911
28.3846
29.0623
28.8627
28.9144
28.9645
28.5131
28.5332
29.3017
28.8774
28.8879
29.2506
28.7289
29.1536
28.7892
29.0908
28.6981
28.3972
28.743
28.643
28.5863
28.3177
28.9792
28.6927
28.7058
29.3652
28.8134
28.7939
28.7451
29.2051
28.847
29.0004
28.6314
28.5575
29.0015
28.9838
28.7583
28.9499
28.898
28.7463
28.5663
29.3082
28.9256
28.6698
29.0355
29.0136
28.7484
28.9347
28.6194
28.7983
28.6731
28.2296
28.5188
28.841
28.6459
29.161
28.6713
29.1337
28.997
29.1724
29.1132
28.8299
29.1782
28.519
28.8788
29.0018
28.8863
28.667
29.121
28.9866
28.7593
29.0808
28.7062
28.8529
28.7969
28.7912
28.477
28.4494
28.9049
28.7982
28.6725
28.8242
28.9359
28.4844
28.8367
28.7595
28.6269
28.9805
29.0123
28.6223
28.9306
29.0412
28.8475
29.1014
28.5985
28.9992
28.8259
29.302
28.7207
28.4738
28.7415
28.9131
28.9803
28.5942
29.3527
28.6715
29.289
28.8708
28.8268
28.8263
29.165
28.881
28.5436
28.9475
29.3086
28.7512
28.7399
28.5351
29.2385
28.6428
28.9381
28.5863
28.9057
28.8838
28.6508
28.7731
28.881
28.8387
29.157
29.1828
28.7921
28.6378
28.6848
29.0131
29.013
28.6478
28.4368
29.2522
29.2385
29.1288
28.751
29.0404
28.5555
28.7916
29.0187
28.9599
29.0121
28.5911
29.1204
28.7044
28.8959
28.817
28.6432
28.8221
29.1697
28.9167
28.8009
28.8234
29.0187
29.0584
29.2599
28.8631
28.7177
28.7271
28.6121
28.5712
28.7129
28.7592
28.5336
29.0015
28.9058
28.7623
28.9136
28.5453
29.1721
29.0433
29.1076
28.7599
29.1724
29.2411
28.7172
28.7622
28.749
28.9412
28.9485
28.5433
28.7566
29.0977
29.0685
28.8876
28.9229
28.7221
29.0777
28.5655
28.7472
28.8414
28.8835
29.0064
28.9114
28.7525
28.4771
28.8233
29.0069
28.8825
29.0478
28.7415
28.6125
28.9666
28.7426
29.0954
28.4302
28.9591
28.9444
29.0255
28.856
28.9179
28.8319
29.0453
28.8513
28.9742
28.788
29.1264
29.3863
28.6545
29.0954
28.6953
28.8553
29.0331
28.4879
28.718
28.977
28.7723
28.6802
28.8538
28.7797
29.0967
29.0801
28.7784
28.948
28.8155
28.8836
28.6265
28.927
28.5864
28.6497
28.5504
29.0586
28.8468
28.7414
29.0096
28.8895
28.8797
28.594
28.6149
28.4101
29.0796
28.7169
28.4362
29.0532
28.6167
28.7213
28.8649
28.621
29.0437
29.0517
28.9116
29.029
28.8259
29.1893
29.126
28.7449
28.7491
28.8941
29.0624
29.1545
29.3382
28.6323
28.6311
28.6688
28.2108
28.5922
29.0138
28.8392
29.2581
28.9722
28.8981
29.312
29.1327
28.9318
28.6902
28.7669
29.1229
28.8123
29.2165
28.9003
28.5479
28.9471
28.4292
28.6624
29.3664
28.9273
28.9844
28.8072
29.1676
28.8577
28.718
28.5314
28.9696
29.2062
28.666
28.7753
28.4292
28.7858
28.8055
28.5837
28.7797
28.9993
28.7863
28.9042
28.835
28.9761
29.2724
28.6107
28.7629
28.845
29.1991
28.9767
29.25
29.0426
29.2228
28.7934
28.9347
28.7485
28.6226
29.0069
29.3601
29.1214
28.647
29.3227
28.9792
28.6291
28.9719
28.805
28.8991
29.0559
29.2241
29.2518
28.7636
29.0113
29.2798
29.2787
28.6279
28.8398
28.9339
28.7319
28.9062
29.0462
28.8401
29.0023
29.1987
28.8563
28.9215
28.6504
28.776
28.9925
28.8209
29.2324
28.3531
29.2439
28.6983
28.5236
28.685
29.0344
29.0865
28.5889
28.2516
28.8239
29.0986
28.64
28.8659
29.0654
28.5724
29.144
28.9201
28.7806
28.8739
28.794
28.2681
29.2587
29.1019
28.659
29.283
29.2888
28.997
28.626
28.56
28.8824
28.3651
29.0953
28.7754
28.9325
28.7833
28.8791
28.8032
28.9391
29.3447
28.8869
28.6693
28.4042
29.1197
28.9497
29.3349
29.2571
28.7173
28.7252
28.9528
28.6582
28.8825
29.0847
29.0942
29.0826
28.5176
28.791
28.663
28.6381
29.0151
29.4719
28.6318
28.85
28.7945
29.2754
28.7688
28.6182
28.3486
28.3837
28.8667
28.9337
28.9385
28.4001
28.5872
29.2916
28.6285
28.6973
28.7828
29.2543
29.1864
29.0534
29.0132
28.9825
28.8582
28.4218
28.9062
29.1117
28.893
29.0622
28.8648
28.8419
28.6476
28.9086
28.8354
28.9923
28.5992
29.2589
28.6855
28.2438
29.1113
28.4138
28.5452
28.8371
28.859
28.791
28.435
29.0562
28.9327
28.4879
29.4429
28.3596
29.2977
28.8973
28.9053
28.6688
28.9257
28.8191
28.7268
29.0039
28.9168
28.8308
28.7483
28.927
28.9669
28.6971
29.2419
28.9143
28.629
28.8008
28.7262
28.6109
28.465
28.7962
28.838
29.2451
28.8624
29.0029
29.2976
29.0088
28.7234
28.7173
29.1307
29.0144
28.7707
29.1316
28.8862
29.2118
29.0027
28.6293
29.1432
29.1029
28.5941
29.2768
29.223
28.8967
29.2411
28.7847
29.4098
28.6857
28.7744
28.9264
29.0112
28.5611
28.7782
29.0913
28.6945
28.8635
28.6221
28.9065
28.9381
29.1459
28.9189
28.6917
28.6833
29.0171
29.2016
29.1926
28.3822
28.5147
28.8201
28.256
28.6965
28.8339
29.0676
28.6656
29.0332
28.8555
28.8863
29.1703
28.8139
28.685
28.9422
28.5959
29.0047
28.9044
28.9672
28.9949
29.1002
28.4682
28.8428
28.4325
29.0334
29.3016
28.7062
28.6328
28.638
28.4398
28.852
28.6385
28.7036
28.6671
28.6368
29.0149
29.0199
28.4086
28.6544
28.9664
29.0762
29.0209
28.7494
28.958
28.9469
28.7332
29.3914
29.0588
29.1445
28.9265
28.6829
28.9832
28.7349
28.6252
28.7845
28.6637
29.1082
29.1245
29.2639
28.7072
28.6486
28.9419
29.0387
28.9106
28.749
28.6447
29.0307
28.353
29.2813
28.7144
28.4628
28.8778
29.3043
28.8629
28.8413
29.2306
28.9588
28.5712
28.4244
28.9269
29.1798
28.8674
28.7679
29.1442
29.3614
28.7188
28.9001
28.8934
28.7295
28.8271
28.9585
29.091
28.7776
28.7493
28.8623
28.7298
28.5999
28.8212
29.4255
28.6536
28.9465
28.5795
28.628
28.8122
28.8548
28.9777
28.9995
28.7742
28.6936
28.6451
28.7087
29.0078
28.538
28.7037
29.0731
28.8792
28.7464
29.1661
29.2045
29.3934
28.838
28.6597
29.0224
29.2099
28.5858
28.779
28.7882
28.732
28.6202
28.8451
28.5801
29.1135
28.5261
28.9911
28.4843
28.4084
29.2707
28.9843
28.7854
29.0566
29.2714
29.0317
28.6449
28.8846
29.3921
28.7208
28.9887
28.7931
28.9067
29.2477
29.1176
28.7024
28.6665
28.9525
28.7269
28.6903
28.8723
29.1801
28.5826
28.9512
29.1958
28.8723
28.6737
28.6782
28.6879
28.7804
28.8113
28.8469
28.8188
28.7182
28.8707
28.8482
29.1505
29.0882
28.4827
29.1045
28.7787
28.801
28.9082
28.7904
28.8105
28.6775
29.1991
28.8427
28.7808
28.37
29.0115
29.1807
28.813
29.0766
28.9054
28.9002
28.4816
28.8305
28.4862
28.844
29.2754
28.9268
28.5885
28.998
29.0199
28.3725
28.776
28.6877
28.9633
29.3045
28.9806
29.1583
28.5382
28.7018
28.8268
28.9903
29.3493
29.1872
28.9561
28.8924
28.5512
28.6978
28.7954
28.8399
29.2381
28.7948
29.3278
29.4808
28.7575
28.8714
28.6367
28.8993
28.885
28.6319
28.8285
28.8887
28.6947
29.1203
28.7038
28.9365
28.92
28.3323
29.2252
29.3536
28.8784
28.8406
29.1435
28.9788
28.9518
28.9579
28.7927
29.1747
28.9151
29.0027
28.9755
29.1206
28.8513
28.5733
28.8639
28.802
28.2275
28.8007
28.8752
29.2974
28.3891
28.9197
28.9614
28.8197
28.8849
28.7616
28.86
28.4351
28.702
29.4872
28.919
28.9167
28.7431
29.1929
28.7235
29.0417
28.8866
28.5991
28.483
28.8222
28.6393
29.0489
29.2768
29.0161
28.9587
29.093
28.338
29.088
28.6878
29.0197
28.8726
29.2489
29.2595
28.7429
28.3993
28.869
28.7935
28.535
28.9697
28.6262
28.9231
29.0531
28.7135
29.1033
28.7478
29.1067
28.7084
28.6667
29.056
28.8139
29.2171
28.6401
29.2652
29.0943
28.9816
28.9801
28.6215
28.6358
29.0485
28.8942
29.0788
29.3054
29.0173
28.903
28.9166
28.9912
28.7118
28.7942
28.9593
28.7141
28.7758
29.3621
28.9882
28.5552
29.1451
28.9204
28.7702
29.0412
28.6695
29.1742
28.5314
28.5843
29.0963
28.7118
29.0581
28.9662
28.9545
28.5206
28.5181
29.2171
28.5197
29.0465
28.6909
29.2227
29.1132
28.6193
29.2547
28.9779
29.0115
28.4192
28.7794
28.6647
29.3122
28.863
28.7953
29.115
28.6706
28.9401
28.7257
28.7609
28.8909
28.9654
29.1
28.9937
29.0634
29.5051
28.4753
29.2829
29.1738
28.628
29.0884
29.0062
28.7037
28.768
29.1664
28.5828
29.2351
28.5781
28.5829
29.3173
28.5656
28.5727
28.4293
28.9687
29.0154
29.0257
28.505
28.79
28.8956
28.8785
28.8069
28.838
28.9053
28.6554
29.0399
28.4741
28.8479
29.063
28.6708
29.1501
28.8436
28.7173
28.8904
29.336
29.1992
29.0611
28.6921
28.804
29.0579
29.0336
28.6578
28.787
28.883
28.7528
28.713
28.8437
28.8004
28.9145
28.8341
28.702
28.9372
28.4661
29.224
29.1192
28.9626
28.9951
28.5168
28.8911
28.535
29.3468
28.6408
28.5991
28.7185
28.357
28.916
29.076
28.5372
28.3702
29.0959
29.0893
29.2076
28.5021
28.902
28.6996
28.7709
28.9725
28.9541
29.1268
28.9351
29.137
28.8971
28.8451
28.8628
28.8008
28.8223
28.9764
28.787
28.887
28.7473
28.7884
28.5696
28.3101
28.8443
29.0098
28.974
28.5292
28.8083
29.3336
28.4679
28.6387
28.5762
29.2103
28.8936
28.543
28.7919
29.2405
29.0341
28.9213
29.1543
28.7719
28.7447
28.8641
29.4186
28.7034
28.4716
28.7786
28.9442
28.6025
28.9807
28.7762
28.1444
28.7921
28.2043
28.5643
29.0412
28.989
28.8574
28.5882
29.1228
28.7836
29.1173
28.9287
28.5274
28.6149
28.9784
28.6657
28.9
28.7505
28.6273
28.6682
29.1937
28.8512
28.5591
28.9406
28.8049
29.1861
28.5812
28.8133
28.8332
28.8341
28.2974
28.6604
28.7331
28.7384
28.7122
29.1634
28.8833
28.9078
28.6659
29.0363
28.9839
29.0133
29.0572
29.0441
28.4972
28.7918
28.6469
28.8905
28.9264
28.8161
29.0536
28.9061
28.6447
28.3942
29.3052
28.9668
28.8426
29.1654
28.896
28.9362
28.7385
28.5599
28.6941
28.921
28.5135
28.5848
28.669
28.8097
28.7327
28.951
28.9411
28.8379
29.0893
28.7944
29.1995
29.0483
28.4714
28.7305
28.9228
28.9902
29.1602
28.3443
28.6995
29.1363
28.714
28.3334
29.4997
28.7056
29.0471
28.6463
28.6199
29.2229
28.6401
29.1338
28.9155
28.4633
28.8151
28.6833
28.4904
28.6805
29.0986
28.5238
29.2108
28.8999
28.6403
29.0464
29.0833
28.8129
28.7791
29.093
28.5696
28.6651
29.0497
28.481
28.9915
29.1116
29.0709
28.9615
28.6994
29.0649
28.8469
28.825
28.7709
28.9691
28.6277
29.0254
29.0138
28.5603
28.8253
28.9723
28.5993
29.0327
29.075
28.569
28.9366
28.8519
28.3716
28.5897
28.9458
28.4396
29.3027
28.6739
28.5161
28.789
28.7914
28.8886
28.7853
29.2252
29.1895
28.9787
28.4249
29.3995
28.7901
28.9488
29.4031
29.3307
28.7715
28.5332
28.8847
28.7298
28.7478
28.9792
28.7651
28.9847
29.1592
29.065
28.7255
29.125
28.927
29.0778
29.1964
28.4949
29.0389
28.5978
28.9009
28.955
28.801
28.9731
29.1685
28.4226
28.4585
28.7736
28.7106
28.8577
29.0786
29.0165
28.8043
28.9597
28.986
28.8393
28.9557
28.6579
29.0314
29.0876
28.8067
29.1775
28.5376
28.6222
28.9065
28.8532
29.1751
28.9321
29.0133
28.9276
28.8507
28.8322
28.9342
28.962
28.7711
28.7705
29.199
29.258
28.843
28.7259
28.5018
29.4541
28.7336
28.8466
28.9124
29.1578
29.1935
29.1374
28.4807
29.2256
28.6788
28.8854
28.9658
29.0758
29.2109
28.7346
28.5601
28.7374
29.0135
28.322
28.881
29.1588
28.5777
28.5361
28.8556
28.6317
28.8389
29.0438
28.4957
28.8612
29
28.6262
29.3055
28.4031
28.9876
29.2226
29.0799
28.6897
28.4579
29.088
28.8678
28.9256
28.9432
29.0931
29.0078
28.4017
28.798
29.2929
29.1416
28.7473
28.9544
28.8001
28.4742
28.7882
28.9208
28.9197
28.5383
28.6454
29.2166
28.9317
29.1166
28.8257
28.3633
28.9786
28.5672
28.4818
28.8746
29.011
29.1421
29.0094
28.9223
28.8823
28.8074
28.4288
28.9346
28.7166
28.9982
28.9075
29.1662
29.0687
28.6976
28.9181
29.0475
28.8907
28.379
28.9408
28.7828
28.5254
29.2926
28.7382
29.1738
28.7603
29.0936
29.0755
29.288
28.7723
28.5385
28.8093
28.7665
29.007
28.6359
29.1434
28.8852
28.6436
28.4196
28.9874
28.843
29.2421
28.5066
29.0095
28.7711
28.6442
28.6291
28.6232
28.7014
28.7917
29.0026
28.903
29.0934
28.4661
29.0617
29.0763
28.4788
28.5105
28.8013
28.7315
29.0335
28.522
28.6639
28.5541
28.9078
28.9341
28.6473
28.7488
29.2693
28.7314
28.956
28.8945
28.4662
28.8292
29.0646
28.9081
29.08
29.0102
29.0312
29.1508
28.6516
28.3913
28.966
28.4584
28.6176
28.6441
29.1637
29.1116
29.2309
28.8588
28.8057
28.3658
28.6684
28.8163
28.9982
28.736
28.8879
28.8009
28.6474
28.5582
28.6485
28.9699
29.1183
29.1178
28.9267
28.6372
29.0895
28.9094
28.8923
28.8801
28.8255
29.0653
28.8118
28.8679
28.9167
28.9233
29.023
28.9684
28.7678
28.878
29.2463
28.517
28.6735
29.315
28.1958
29.0455
28.651
28.8411
29.3931
28.8535
28.4471
28.6899
28.7768
28.729
29.186
28.9022
28.8608
28.9469
29.2314
29.3181
28.6267
28.8441
28.919
29.0291
28.4003
28.7691
29.1283
29.4496
29.1144
28.979
29.1107
28.9518
28.7161
28.9076
28.8539
28.9988
28.7434
28.7028
28.5275
28.8777
29.0124
28.6157
28.8207
29.0357
28.6674
29.0754
29.4554
28.858
28.909
28.9358
28.693
28.6686
28.6247
28.5023
28.9969
28.9329
28.864
28.8579
28.7683
29.2643
29.0795
28.9773
29.0578
28.4117
28.9286
28.6299
28.8125
28.7521
28.9649
28.7082
28.8733
28.5097
28.9396
28.5617
28.8144
28.9149
28.964
28.8294
28.9491
28.7605
29.0675
29.3716
28.7964
28.8835
28.6823
28.9287
28.9575
29.0672
28.739
28.6354
29.0969
28.5304
28.7414
29.2576
28.79
29.062
28.8667
28.9275
28.6689
29.5432
28.3658
28.6735
28.7984
29.0708
29.0457
28.8987
29.0861
28.7407
29.1351
29.3026
28.868
29.0943
28.7258
29.4614
28.5845
29.0267
29.1678
28.9921
28.9819
28.3988
28.8015
29.5956
29.0423
29.1657
28.7653
29.2834
28.9323
28.9848
28.8583
28.942
28.9136
29.2782
28.3106
29.0493
28.5283
28.7189
28.7642
28.7475
28.9452
28.8863
29.0506
28.5696
28.882
28.806
28.5957
28.7543
28.7362
29.2554
28.94
28.5557
28.6952
28.9207
28.736
28.5639
28.7265
29.0676
28.9731
28.8478
28.6806
29.0925
29.1662
29.2657
28.9328
28.8548
28.4449
28.6735
28.892
28.7436
29.1158
28.774
28.9884
28.9606
29.2148
29.1429
28.8876
28.3348
28.5031
28.6273
28.7299
29.3399
28.8651
28.7109
28.6295
29.2805
28.7961
28.9632
29.0571
28.9099
28.6409
28.8641
28.7367
28.9798
29.0979
28.4166
28.9235
28.8932
29.0902
29.0995
28.8568
28.9073
29.3711
29.1277
28.5837
28.6518
28.342
28.986
28.626
29.1197
28.8406
28.9614
29.044
28.6273
28.9172
28.7086
28.8991
29.2761
28.6271
28.9035
28.6666
28.8445
28.6276
28.5955
29.2112
28.6902
28.6492
29.3906
28.6847
28.7494
28.9223
29.0494
28.9647
28.9565
28.8572
29.0845
28.5066
28.9967
28.7103
28.7117
28.7262
28.9437
28.9826
28.6175
28.8441
28.6926
29.3567
28.6775
28.6627
28.7869
28.4084
28.9901
28.887
28.9683
28.7668
28.8281
28.7411
28.9178
28.9287
29.0304
28.1193
29.009
29.492
28.7544
28.5576
29.2072
28.7784
29.1339
29.0153
28.8719
28.8434
28.9097
29.1249
28.5941
28.6823
28.9008
28.773
29.039
28.703
28.925
28.7772
29.0962
28.6532
28.6518
28.9332
28.8248
28.7198
28.9546
29.071
28.9796
28.7103
28.8295
28.9994
28.2754
29.035
28.8213
28.6545
28.8844
28.7197
28.7986
28.9358
28.9191
28.6287
28.6009
28.6653
28.6917
29.5292
28.6515
28.6289
28.6673
29.1195
28.7135
29.0917
28.824
29.0201
28.6086
29.0484
28.808
28.6793
28.9912
28.8547
29.1085
28.465
28.8337
28.7865
28.3853
28.7372
28.5749
28.9749
28.4045
29.0474
28.8519
29.519
28.9744
28.8458
28.6433
28.9231
28.5247
29.0065
28.9846
29.0092
28.7442
28.568
29.1599
28.8507
29.0385
28.6248
28.4163
28.5771
28.4791
28.3548
29.0994
29.0244
29.0229
28.7623
29.1128
29.2481
29.2171
29.3972
29.287
29.0282
28.8276
28.9822
28.8844
29.0278
29.0951
29.0266
28.7959
28.5511
28.3452
29.2458
29.1424
28.4747
28.7473
28.9701
29.3312
28.7653
28.8901
29.0636
28.7793
29.0495
29.1254
29.2958
28.7125
28.8112
29.0229
29.2051
28.8719
28.9219
29.1269
28.6924
28.9158
28.8793
28.8572
28.7697
29.0526
28.8784
28.4532
28.8805
29.1448
28.7661
29.0961
28.9458
28.5179
28.6159
28.5955
28.7306
29.0487
29.1952
28.7805
29.0296
29.0277
28.4517
28.6902
29.0378
28.9825
28.7113
28.8747
28.8742
28.4885
28.9595
28.3597
28.9719
28.9992
28.4992
28.9556
28.8611
28.8333
29.583
28.7165
28.9355
28.9953
28.9483
28.9063
28.851
28.7493
28.5915
28.6636
29.2852
28.7455
28.9324
28.6745
28.956
28.7479
28.8888
28.682
29.142
28.812
28.9621
29.0185
28.7393
28.7673
29.0534
28.8839
28.8934
28.5068
28.751
28.6075
29.3757
28.8477
28.9001
28.7379
28.6749
28.7781
28.6597
28.8954
28.8308
28.9444
28.7257
28.9386
28.604
28.9754
28.6121
28.6404
28.7728
29.2518
28.9124
28.9961
29.0563
29.0065
28.733
28.9539
29.1336
28.9907
28.8971
29.0598
28.9999
29.0302
29.0637
29.0487
28.7166
28.9827
28.8108
28.6143
29.243
28.7434
28.5129
28.3893
28.9083
28.7717
28.7726
28.9003
29.2777
29.075
28.8759
28.8791
28.7127
29.1698
28.8506
28.4974
28.8097
28.5375
28.4638
28.7933
28.7881
29.1095
29.0834
28.987
29.2867
28.7195
28.9166
29.0971
29.1774
28.7061
28.7089
28.8204
28.9804
28.5905
28.8827
29.0995
29.0272
28.8019
28.594
28.762
28.7032
28.9348
28.9745
29.235
28.8853
28.9855
29.0357
28.5083
29.0934
29.0134
28.8449
28.5584
29.1099
28.5316
28.5605
29.0276
28.6918
28.6632
28.8679
28.9953
28.4082
28.7336
28.9569
28.5158
28.9664
29.2197
28.8292
28.6103
28.6671
28.779
28.8972
29.0353
29.0462
28.9126
29.0959
28.8023
28.8866
28.5524
29.3623
28.9397
29.0999
28.8073
28.6758
29.2099
29.1449
29.0804
28.1807
28.8137
28.9077
28.9619
28.9964
28.9019
29.0562
29.08
28.7017
28.8827
28.6467
28.7832
28.8785
28.9802
28.9671
28.8825
28.5033
28.727
28.8987
28.9183
28.5022
28.8556
28.9195
29.1437
28.9237
29.0775
28.8751
28.6868
28.5278
29.022
28.5071
28.4807
29.2174
28.8481
28.5709
28.8449
28.3507
28.8937
28.6789
29.02
28.8638
28.6727
29.4362
29.1759
28.922
29.0442
29.2944
28.9858
28.9482
28.6584
28.7054
28.6381
28.729
28.9249
28.9198
29.2026
29.0076
29.1315
28.3302
28.9681
28.8344
28.5996
29.1902
28.8063
28.8674
29.1753
29.01
28.9182
28.8004
28.8442
29.0884
29.3712
28.741
28.4522
29.2961
28.7495
29.3041
28.7332
28.956
29.0955
29.1137
29.2838
28.8404
28.5212
28.5468
28.5152
28.8285
28.4793
29.3015
28.5558
28.7585
28.8894
28.5216
28.5538
28.632
29.0404
29.1497
28.8129
29.1712
29.1857
29.0974
28.1261
28.8775
29.0417
28.7026
28.6173
29.0689
28.9902
28.4488
28.9954
28.3379
29.2722
28.6799
28.988
28.9316
28.622
28.7262
28.5191
29.043
28.7781
28.6333
29.0514
28.7886
29.2948
28.5565
28.6135
28.9635
28.8143
29.0569
29.1738
28.2967
28.9085
28.9163
28.9911
28.9414
28.8644
28.7999
28.9122
29.1042
28.8379
28.8425
28.8506
28.404
29.2069
29.1371
28.7035
29.156
28.6984
28.9435
28.9229
28.5164
29.0136
28.7512
28.9396
28.8982
28.9158
28.928
29.0584
29.0446
28.8295
28.8105
28.7884
28.558
28.7102
28.8136
29.1832
28.7576
29.064
28.9819
29.0163
28.9727
28.9896
28.8597
28.765
28.9139
28.8307
28.9156
29.019
29.2788
28.6982
29.224
28.6019
28.7415
28.9738
28.8097
28.4856
28.9189
28.483
29.044
28.4947
28.438
28.6409
28.8744
29.2066
29.057
28.8821
29.3961
28.6124
29.1952
28.7845
29.193
28.8786
28.9859
28.664
28.8353
28.6723
28.7748
28.935
28.9043
28.7577
28.8045
28.9192
28.8492
28.7967
28.9133
29.1835
28.8764
28.7489
29.4507
29.1541
28.7106
28.916
28.9919
28.6029
28.5999
28.5032
28.7042
28.4171
28.8723
28.7259
28.921
29.0466
28.8871
29.0133
28.8974
28.8165
28.9686
28.0968
29.0051
28.8031
28.6387
29.0491
29.0033
28.606
29.1968
28.7519
29.0728
28.9612
28.7565
28.8137
28.6614
28.8858
29.0374
28.9707
29.0528
28.6706
28.6116
28.9745
28.7931
28.6052
29.1627
28.7172
28.9724
29.0014
28.9558
28.8104
29.1001
28.9386
28.9849
28.707
28.5469
29.1561
28.9477
28.5325
28.716
28.8155
28.9084
28.4501
28.8087
29.5347
28.7451
28.786
28.5856
28.9697
28.7267
28.9105
29.041
28.8297
29.3281
28.8586
29.0829
28.9685
28.4436
29.1964
28.5575
29.0808
28.957
28.8552
29.066
28.3851
28.5428
28.608
29.0816
28.5755
29.0537
28.7667
28.7428
28.8746
28.7849
29.0193
29.013
29.2188
28.9704
29.1209
28.7051
28.7568
28.8661
28.6354
28.4867
28.9056
28.7702
28.6046
28.8741
28.9693
28.9614
28.5506
28.6133
28.9736
28.8339
29.062
29.1307
29.1249
28.7173
29.1939
28.6281
28.7677
29.0053
28.8494
29.2253
29.1747
28.8015
28.6903
28.9376
28.3181
29.0957
29.0024
28.9093
29.1837
28.8699
28.6157
28.548
28.5439
28.9995
28.7182
29.0333
28.4834
28.7223
28.6342
28.7423
29.0853
28.4345
28.8282
29.0474
28.9333
29.0919
28.9816
28.9227
28.8121
28.5941
28.7018
29.1846
29.0882
29.2045
28.8291
28.7529
29.1815
28.3738
29.0399
28.7647
29.0759
29.2146
29.2849
28.8783
29.1249
28.4123
28.894
28.4238
28.625
28.964
28.7036
29.0258
28.5777
29.0235
28.7529
29.142
28.6824
28.9964
29.274
28.6496
29.1337
28.5089
29.132
28.8616
28.5368
28.8983
28.6236
29.2403
28.601
28.6307
28.9927
28.97
28.7627
28.9462
28.8036
28.8459
28.578
28.6809
28.7355
28.7049
28.5738
28.7316
29.0026
29.2257
29.1019
29.0965
28.924
28.6493
28.6969
28.8198
28.7816
28.8716
29.2287
28.7084
28.9284
28.9778
28.722
29.1474
28.8675
29.154
29.1923
29.0485
28.9133
28.8389
28.7565
28.8768
28.5154
28.9187
29.423
28.9339
29.062
28.6242
29.4329
28.9183
28.8589
29.3772
28.7979
29.1049
28.7113
28.6605
28.9668
28.8624
29.6002
28.7811
28.5749
28.8079
28.771
28.5807
28.8302
28.8198
29.3183
28.8229
29.136
28.6658
28.6592
28.5335
28.8711
28.7731
28.6574
29.0787
28.628
28.5963
28.6457
28.7992
28.9935
28.652
28.9636
28.6499
28.8192
28.5092
28.8985
28.7059
28.9335
28.8918
29.1506
28.6559
29.2716
28.8574
28.9375
29.2291
28.6994
28.7534
29.0869
29.3601
28.4767
28.7912
29.5607
28.5965
29.1538
28.8107
28.7871
28.9525
28.9744
28.7839
29.1189
29.1802
28.8394
28.9887
28.7808
28.6706
29.2398
28.8303
28.6798
29.2005
28.9568
28.7839
28.6076
28.8676
28.5826
28.6093
28.613
29.0254
28.8744
29.0054
28.647
28.8941
29.2281
28.7141
28.163
28.7271
28.873
29.1187
28.8632
29.2393
28.8123
29.0019
28.9577
29.1486
28.9884
29.3532
28.5477
29.0405
28.7405
28.5013
29.0316
28.6696
29.2747
29.2521
28.9618
28.6695
28.8996
28.8245
28.6551
29.0205
28.7151
28.9247
28.9749
28.1781
28.7977
28.3945
29.0305
28.9665
28.586
28.7202
28.7316
28.8842
28.9265
28.9318
28.7211
28.6073
29.2526
28.631
28.6218
28.8451
28.9985
28.8309
28.8043
28.9968
28.8131
28.3642
28.9139
28.4853
28.3992
28.8813
29.4543
28.7159
28.9816
28.5395
29.016
28.7817
29.1911
28.8044
29.0373
28.8865
29.3846
28.8653
28.613
28.9808
28.6044
29.3176
29.2804
28.6339
28.7393
28.8691
29.1001
28.5731
28.9923
28.7109
28.7292
29.0321
28.7909
29.2003
28.6305
28.732
29.1505
28.4609
28.9415
28.465
28.9896
28.9066
28.8993
28.8576
28.9605
28.8503
29.0536
28.9818
28.9942
29.1982
28.9066
28.6031
28.6566
28.9416
28.7565
29.2286
28.6984
29.0301
28.6136
28.4398
29.5307
28.9567
28.6346
29.1067
28.8598
28.875
28.7786
29.2913
29.0233
29.1669
28.9765
28.8607
28.7769
29.207
29.3333
28.8931
28.5787
28.7593
28.5885
28.9319
28.9575
29.0131
28.8348
28.6739
29.1787
28.652
28.7719
28.7854
28.7411
29.2073
28.5726
28.5541
28.7151
28.9064
28.9177
28.6865
29.0977
28.7338
28.6177
29.0451
28.6301
28.6969
28.6628
28.8806
29.1141
28.6521
28.9419
29.2111
28.7813
28.7303
28.7424
28.5198
28.5789
29.0858
28.6459
28.7483
29.1714
28.837
28.7371
28.8175
28.8494
28.8115
28.3571
29.1628
29.0249
29.3037
29.0145
28.7517
28.6315
28.6414
28.7732
28.4273
28.6097
28.4357
28.7821
29.0911
28.522
28.8782
28.5852
29.0795
28.7597
28.6188
29.2151
28.7592
28.8834
28.9298
28.5509
29.521
28.6062
28.8012
29.3585
28.5182
28.6671
28.7167
28.9928
28.6273
28.694
28.8562
29.2046
29.1499
29.2291
29.2818
29.1622
28.6408
28.6048
28.5306
28.6052
28.4786
28.89
29.584
28.6025
29.002
29.1172
28.9496
28.7491
29.139
28.548
28.7437
28.6965
28.9098
28.364
28.6649
28.7291
28.6161
29.3243
29.0726
28.8935
28.9767
29.1209
28.943
28.5712
28.8849
28.762
28.6018
29.0387
28.4209
28.783
29.0764
28.7295
28.919
28.7824
28.4348
28.7541
29.0128
29.0606
29.0382
28.9472
28.4591
28.7701
28.9806
29.3624
28.8718
28.9637
28.886
28.8443
28.988
28.9824
28.5434
28.8927
28.2825
29.171
28.7971
28.4118
28.5751
28.8363
28.9599
29.1126
28.5558
29.1325
28.5224
28.9066
28.801
28.8856
28.772
28.4167
29.0339
29.0943
29.1611
28.9122
29.144
28.6162
28.9258
28.7679
28.6423
28.9617
28.5336
28.9324
29.1537
29.1785
28.4415
28.8365
28.7358
29.0666
28.8452
29.0736
29.4084
29.1184
28.8893
28.5678
28.7736
29.1574
28.9043
28.7535
28.1879
28.955
29.1026
28.9754
29.1391
29.4127
28.7297
28.8839
28.9892
28.8337
28.6622
28.6598
28.9557
28.5737
28.3384
28.88
28.3619
28.261
28.6504
28.8278
29.3441
29.2546
28.4766
28.7938
28.7753
28.7225
28.5949
29.0348
29.1237
28.6806
29.1421
29.15
29.082
28.8345
28.8223
28.7438
29.0704
28.8257
28.6602
28.523
28.6457
29.1939
28.7473
28.6063
29.159
29.0059
29.1541
28.6209
28.5704
28.8923
28.9822
28.647
28.6612
28.8563
29.0216
28.7655
28.8261
29.1218
28.8948
29.0458
28.6032
28.65
29.3404
28.9626
28.5764
28.6505
28.6437
29.2589
28.9208
28.9647
29.0916
28.8004
28.7627
28.6431
28.8191
29.1595
28.8092
28.7058
28.8426
28.7297
28.7025
28.9608
28.7723
28.6596
28.4363
28.6627
28.7366
29.0414
28.5535
28.5576
28.8724
28.795
28.327
28.8241
28.6786
28.6592
28.7946
28.5178
28.7124
28.9078
29.0173
29.0158
29.1312
28.2477
29.0641
29.11
28.4161
29.2947
28.9462
29.0129
28.6256
28.9094
28.9843
28.9551
29.0981
28.2659
28.7243
29.0586
29.2576
29.337
28.7293
28.5121
28.9646
28.734
28.9781
28.8349
28.3773
29.005
28.5344
28.6319
28.6075
29.2639
29.1444
28.6054
28.8999
28.7642
28.8577
29.2259
29.0643
28.4534
28.8664
28.7874
29.2439
28.5916
29.0084
28.7266
28.9146
28.8874
28.9517
29.1099
28.5642
29.3986
28.906
28.4754
28.2547
28.6412
28.21
28.7102
28.3971
29.1896
29.1389
29.1876
28.9241
28.5113
28.7472
28.7903
28.778
28.9202
28.6393
28.653
28.7083
28.2561
28.9214
29.1723
28.6999
28.6283
28.9091
29.0331
29.1512
29.1308
28.5433
29.3783
29.229
29.1221
28.8873
29.0058
29.2085
29.2288
28.5545
29.056
28.8665
28.6633
29.4868
29.3252
28.7413
28.3621
28.8222
28.9043
28.7707
28.8501
28.7004
28.6873
28.9042
29.2245
28.6295
28.773
29.2012
28.5854
28.6384
28.5557
28.5671
28.9932
28.6978
28.6799
28.7899
28.9374
29.145
29.1114
28.6123
29.0491
28.7647
28.7142
28.8207
28.8536
28.6698
28.9572
28.9318
28.7161
28.6231
28.8649
29.0729
28.5223
28.7001
28.9725
29.2675
29.0681
28.8476
28.8638
28.933
28.9894
29.3738
29.0804
28.8238
29.1096
28.8477
28.7648
28.7675
28.8102
28.6918
28.9034
28.8492
28.4984
28.7662
29.2233
29.1293
29.2815
29.3487
28.5037
29.3944
28.7921
28.9243
29.3138
29.0401
28.6379
28.731
28.6935
29.0897
28.8674
29.0852
28.6666
28.8081
29.1353
29.3027
28.0523
28.7259
29.1032
28.8701
28.6419
28.8268
28.9046
28.8187
29.0305
28.8639
28.9954
28.7213
28.6791
28.7067
28.9397
28.8063
28.4799
28.6569
28.7573
28.5963
28.7874
28.5249
28.5797
28.8455
28.6863
28.6912
28.5749
28.9137
29.2749
29.3743
28.9144
29.0185
28.7248
28.7977
28.9842
28.7196
28.8859
28.8591
29.045
28.7941
28.7783
28.4559
28.4534
28.8249
28.8291
28.9324
29.0664
28.7242
29.237
28.6503
28.959
28.8126
29.2134
29.0718
28.7916
29.268
28.702
29.1204
28.9851
28.8359
29.1814
29.0352
28.9549
29.1303
28.8054
29.0412
28.9803
28.9085
28.7359
28.7247
28.8395
28.9913
28.705
28.8532
28.6176
28.9639
29.0042
28.7024
28.7189
28.5393
28.7019
29.1293
29.2222
28.438
29.0317
28.956
28.8944
28.6663
28.7981
28.8127
29.141
28.5287
28.6274
29.0972
28.5215
28.5889
28.8929
28.9318
28.7843
28.8139
29.3132
28.7638
28.5643
29.079
28.7333
28.9899
28.9351
28.8621
28.9728
28.9235
28.6648
29.1939
28.759
28.424
29.1212
28.8144
28.5827
29.1368
28.9984
28.893
28.7042
29.4198
28.5107
29.0883
28.8703
28.5722
28.6055
28.8364
29.0023
28.609
28.6146
28.3568
29.1499
29.0398
28.7944
28.8472
28.9756
28.7897
28.4433
28.9775
29.0119
28.5742
29.1628
28.5171
28.9534
29.1021
28.7654
29.0928
28.6463
28.6899
28.6103
29.2479
28.6838
29.2644
29.1905
29.4121
28.8258
29.2655
28.7151
28.9342
28.6523
28.4581
28.7801
29.0271
28.7193
29.3043
28.7399
28.852
28.6419
29.1775
29.0104
29.2114
28.575
28.8432
28.8315
28.8622
29.4495
28.9181
28.6397
29.0396
28.8293
29.3417
28.8014
28.8669
28.8775
28.9116
29.086
29.2722
28.4762
28.9617
29.0921
29.2591
29.3775
29.4345
28.8864
28.5172
28.5081
28.9698
29.0904
28.7281
28.9868
28.8887
29.1904
28.7337
28.8358
28.7763
28.9988
29.0179
28.7078
28.9628
28.5641
29.0872
29.0307
28.9302
28.6837
28.7134
29.0942
28.9489
28.89
28.6328
29.0649
29.206
28.8282
29.0858
28.9422
29.0068
28.5169
28.71
28.8733
29.1329
29.1311
28.7306
28.88
28.8685
28.9969
28.6542
28.5405
28.7196
28.8827
28.959
28.6687
28.3667
29.0183
28.8474
28.6384
28.8494
28.673
28.894
28.7009
28.6894
28.6143
28.9003
28.8633
29.3232
28.8522
28.8018
28.7705
28.8373
28.7403
28.504
28.968
29.0282
28.9202
29.0035
28.6553
28.8211
28.9114
29.1038
28.6671
29.1109
28.7749
28.8364
29.1208
29.0192
29.0121
28.9424
28.7062
28.7033
28.9795
28.574
29.0296
29.3134
28.825
29.0644
28.8489
28.3022
28.957
29.1021
28.6618
28.7923
28.6473
28.915
28.944
29.3409
29.1065
29.058
28.9917
28.9991
29.0225
28.5237
28.9886
28.9587
28.586
28.9574
29.0614
28.8311
28.9999
29.2459
29.1045
29.5431
28.9643
29.3146
29.2788
28.773
28.7391
28.4241
28.7873
29.2768
28.5044
28.8488
29.014
29.2316
28.6583
28.6049
28.9817
28.616
28.9522
28.5408
29.2374
28.6087
28.9051
28.5856
29.0911
28.8622
29.001
28.8298
28.8551
29.0983
28.8146
29.0569
28.9787
28.7042
28.7143
29.0999
28.9933
28.2294
28.5975
28.7897
28.9161
29.0593
28.573
28.645
28.8076
28.77
28.9798
28.6644
29.2704
28.5146
28.8588
28.8427
29.0754
28.8898
28.5311
28.7518
28.9418
28.7322
28.975
28.5988
28.9014
28.97
28.7138
28.7415
28.5178
28.8098
29.2138
28.5827
28.9935
28.5909
28.8498
29.4634
29.2151
28.8257
29.0632
28.5482
29.0217
29.0164
28.7434
28.8607
28.6375
28.7938
28.4266
28.6885
28.6302
29.1349
28.7819
28.9667
28.6698
28.61
29.1033
29.1244
29.1326
28.7998
28.9198
28.7045
28.92
28.7814
28.6713
29.2964
28.858
28.8704
28.8205
28.5682
28.7762
28.8766
28.7678
29.0933
28.8096
28.7529
29.0152
28.9603
28.7899
28.7242
28.4774
28.9556
28.5859
28.7392
28.6436
29.1253
28.9897
28.8867
28.585
28.7214
29.1675
28.3461
28.5053
29.4152
28.7659
29.039
28.6242
28.7715
28.6568
28.6419
28.8692
28.5885
29.2158
29.2812
28.8916
28.9581
28.471
29.1451
29.0357
29.2643
28.8104
28.855
29.0445
28.8933
29.2315
29.124
29.0822
28.4059
28.6012
29.1345
28.7499
29.2631
28.5884
28.7733
28.6697
28.9711
28.8894
28.9468
28.9189
29.0796
29.0548
28.7348
28.7816
29.6604
28.7741
29.0761
28.8282
28.8059
28.7056
28.9091
28.4835
28.9689
28.5828
29.0151
29.2301
29.1664
28.8601
29.2354
29.3514
28.8439
28.6872
28.6099
28.8839
29.0667
28.7574
28.8624
29.0435
28.5388
29.0849
28.74
28.7173
28.8145
28.9785
28.519
28.7426
29.2935
28.8874
28.8571
29.4212
28.4539
28.6036
28.31
28.797
28.4881
28.6591
28.7127
28.6009
29.1991
28.8478
28.6011
28.8169
28.7156
28.6895
28.104
28.8273
29.1764
28.7413
29.1911
28.8018
28.5937
29.0071
28.752
29.0324
28.4453
29.2166
28.7258
28.9616
28.8431
28.7104
28.9885
29.3429
28.935
29.0048
29.2163
29.1162
28.8215
29.1364
28.8942
29.0125
28.8185
28.9513
29.3033
29.2651
29.0106
28.4985
28.7658
29.126
28.9007
28.8419
29.3534
28.5462
28.5882
28.8665
28.4414
29.505
28.8796
28.5973
28.6686
28.7165
29.0876
28.7548
29.2139
28.4896
28.9264
29.0349
29.2085
28.4396
28.6088
29.1961
28.9204
28.6949
28.673
29.1251
28.5915
28.9111
28.8373
28.6504
28.8711
28.7471
28.8847
29.0452
29.2103
29.136
29.1687
28.8055
28.8442
28.6028
28.7228
28.8841
29.3151
29.2246
29.0553
28.5408
28.8103
28.8198
28.5371
28.534
29.2349
28.4615
29.0599
28.6592
28.8061
28.9749
28.8782
28.7479
28.9071
28.3966
29.0396
29.1319
28.8967
29.0564
28.6599
28.95
29.0342
28.4623
28.7347
29.0525
28.9702
29.3843
28.3269
28.942
29.1967
29.0217
28.9173
28.7571
28.8713
28.9313
28.8094
28.9744
29.2792
28.6455
28.665
29.0038
28.8451
28.9919
28.376
28.8812
28.941
28.681
29.1047
29.3069
28.8537
28.8994
28.763
29.1997
28.9635
28.4416
29.2235
28.711
28.8564
28.8884
28.3713
28.8717
28.5742
28.6015
28.6852
28.9497
28.6916
28.7779
28.9992
28.9289
28.9562
28.7219
28.7126
29.2514
28.799
28.4336
28.8867
29.3599
29.002
28.6405
29.0412
28.8123
29.3709
29.1263
28.4439
29.1443
28.8789
28.5215
29.2647
29.0945
28.924
28.6955
28.6096
28.658
28.8026
28.93
28.9024
28.7374
28.6996
28.699
28.8237
29.2636
29.2268
28.8756
29.018
29.0093
28.9591
29.2026
28.5411
28.8475
29.1224
29.0824
28.8425
29.1611
28.6105
28.7918
28.4148
29.3934
28.6525
28.7058
28.8663
28.96
29.3715
28.6031
28.5397
29.0796
28.7499
28.6584
28.9595
28.5172
28.982
28.8715
28.9886
28.7906
29.113
29.175
29.6442
28.9782
28.6634
28.4235
29.0067
28.4484
28.8968
28.7012
28.4531
28.911
29.3299
29.0297
28.7976
28.9557
28.7967
28.6889
28.9638
28.956
28.5578
29.2007
29.2462
28.8537
28.5176
28.5724
29.1208
28.7774
28.924
28.968
28.7449
29.2783
28.8889
29.2321
28.4828
29.0671
29.1668
28.8033
28.7006
29.236
28.9191
28.8234
28.3928
29.114
29.1417
28.9959
28.7655
28.837
29.2063
28.8344
28.9014
29.237
28.8627
28.7335
28.3216
28.8266
29.0873
29.0154
28.9674
28.9031
29.2636
29.1366
29.0279
29.1418
29.1769
29.2813
28.3279
29.3044
28.728
28.9054
28.8085
28.6483
28.7401
28.3507
29.2941
28.9483
28.8232
28.6986
29.0564
28.6813
28.7231
29.2765
28.9328
28.9515
28.8715
28.5834
28.8354
28.7934
28.6798
29.1727
29.2103
28.6261
28.7562
28.6897
29.2713
28.9425
28.8979
28.8208
28.4766
28.9327
28.312
28.6466
28.9257
29.209
29.3429
28.7347
29.0069
28.7983
28.813
28.9677
28.7683
28.859
28.5195
28.7011
28.7104
29.1959
29.1095
28.6869
28.7692
29.1948
28.8648
28.4475
28.8892
29.1536
28.9031
29.045
29.0977
28.5658
28.4934
29.0995
28.4419
28.6693
28.7541
28.689
29.2646
28.7259
28.5735
29.3444
29.2559
28.7911
29.0807
28.7589
28.9667
29.1789
29.1754
28.578
28.7528
28.981
29.1631
28.8796
28.7949
28.5588
28.6869
28.9994
28.8302
29.0157
28.5784
28.6717
28.9757
29.0543
28.9799
29.3499
29.3103
28.8875
29.1372
28.9335
29.0403
28.9135
28.5012
29.1007
28.6871
28.9749
28.7366
28.7749
28.4748
28.9207
28.5656
28.7015
29.0521
28.5579
28.6287
29.2202
28.4066
28.8902
28.8551
28.8207
28.7188
29.6054
28.6368
28.8506
28.8034
28.9952
28.8304
28.5318
28.4698
28.8415
28.846
29.0148
28.6674
28.1753
29.1562
28.9614
29.1353
28.7676
29.0167
28.625
29.0102
28.8067
28.9186
28.7549
28.6708
29.3449
28.8196
28.7744
28.9908
28.6788
28.4641
28.9551
28.5348
28.6046
28.8798
28.9493
28.8087
29.1157
28.7207
28.7257
29.0495
28.7555
28.9161
28.9893
29.0148
29.0894
29.106
28.6343
28.9303
29.169
28.5319
29.0985
28.7825
28.7979
28.8787
29.0448
28.7926
28.9152
28.9506
28.932
28.8931
28.8211
29.0514
29.0631
28.9947
29.1515
28.9271
28.8995
28.8422
28.8734
28.5969
28.8043
29.0064
29.132
29.2528
28.8045
28.8062
28.8835
28.5293
28.8225
29.0541
28.5746
28.9682
28.8837
28.7548
28.6111
28.9912
28.6389
28.5061
28.6323
28.8438
29.1019
28.7206
29.229
28.8954
28.467
28.9819
28.9604
28.5294
28.8152
29.1706
29.0641
28.7706
29.0078
28.8086
29.5314
28.8346
29.132
28.8721
28.8541
28.7042
29.0407
29.0485
29.1068
29.105
29.2137
28.9371
28.8724
29.0825
28.747
28.5999
28.9172
28.9138
29.2468
28.6709
28.8085
28.8532
28.5713
28.8739
28.8888
28.9059
28.7346
29.1567
28.8212
28.6286
28.9755
28.8193
28.652
28.3546
28.8145
28.6533
28.2757
28.3764
28.5212
29.0229
29.1129
29.2049
28.6184
28.8012
28.8862
28.7045
28.8998
28.6199
28.8336
28.5207
28.9683
29.0736
29.0763
29.0295
29.0336
28.7442
28.8376
29.0749
27.9961
28.5954
28.7199
28.8616
28.9131
28.6749
28.5581
29.061
28.7857
28.8037
28.8524
29.1592
28.9423
28.7657
28.5002
28.9516
28.7205
28.9056
28.6841
28.7917
28.8598
29.053
29.2002
29.2139
28.644
29.0348
29.1883
28.6065
28.9951
28.6202
28.9163
28.7206
28.7768
28.8824
28.5172
28.6824
29.0224
28.8783
29.1569
29.0868
28.7977
28.9558
28.7558
29.0075
28.697
28.9396
29.1635
28.6912
29.0432
28.6711
28.4938
28.7611
28.7722
28.8875
28.7765
28.817
28.7184
28.8168
28.468
28.8862
29.0147
28.7388
29.0099
29.0161
29.3733
29.2876
28.9886
28.6092
28.8533
28.4114
28.9182
29.0326
28.8733
28.9617
28.9568
28.965
28.4502
28.6494
28.4502
28.6306
29.2765
28.691
28.3135
29.1086
28.581
29.0523
28.6945
29.3525
28.6174
28.6222
28.8065
28.653
28.5808
28.8324
28.9418
28.6725
29.0432
29.0281
28.7758
28.4952
29.1024
28.825
28.8224
28.9179
29.2088
28.6956
28.8771
28.6115
29.2785
29.0378
28.9342
28.4513
28.5471
29.1308
29.1726
28.7668
29.2409
28.6931
29.0416
29.0117
28.7349
28.4961
29.2853
29.8342
29.2001
29.2701
28.9892
28.8183
28.6101
28.7782
29.1802
29.2452
29.1219
28.3832
28.5295
28.7631
28.5245
29.2237
28.7402
28.9554
28.7153
28.8383
28.5296
29.3411
28.552
29.2122
29.1581
28.8504
28.9415
28.6245
28.4758
28.7762
29.0722
28.509
29.0428
28.8902
28.8179
28.825
28.9623
28.7181
28.7938
28.9401
28.4441
28.7594
29.2808
28.9326
28.5412
29.0658
28.9146
29.3226
28.8725
29.0644
29.3226
28.4799
28.8516
29.1706
28.5262
28.6514
28.7553
29.3445
29.2741
29.1101
28.4648
28.6954
29.3926
28.8622
28.9337
29.0542
28.4411
28.5414
29.3915
29.0489
28.8795
28.5101
28.9619
28.7713
29.0386
28.6989
29.1609
28.4777
29.3195
28.5689
28.5736
28.3932
28.9471
28.8493
29.2866
28.8099
28.7924
28.8525
28.69
29.123
28.6067
28.9273
29.3068
28.4594
29.0742
28.763
28.5381
28.7339
28.7866
29.2932
29.209
28.4755
28.5397
28.5721
29.0448
28.928
28.7559
29.3162
28.7513
28.7558
28.7636
28.3371
29.0067
28.9485
28.4564
28.4988
28.8384
28.8539
28.8009
28.7676
28.5211
28.931
28.4621
28.7448
28.9709
28.7634
28.82
28.7498
29.0271
28.4227
28.6294
28.6694
28.7993
29.1754
29.084
28.6006
28.8309
28.7328
29.0725
28.8692
28.7622
28.4246
28.5137
28.6934
28.7419
28.8394
29.0245
29.032
29.0904
28.8187
29.4536
28.5564
28.4996
29.1044
28.8882
29.2137
28.8859
29.1136
28.536
28.9029
29.2108
29.0368
28.7391
28.8787
28.9912
29.0946
28.5255
28.7872
28.879
28.9756
28.5077
29.0954
28.9319
29.036
29.3535
29.1741
28.7952
29.22
28.9134
28.87
29.1122
28.8492
29.1658
28.9959
28.9389
28.8049
29.276
28.8948
29.038
28.9041
28.7141
29.6278
28.8272
28.9151
28.6573
28.907
29.0844
29.2596
28.9679
28.9927
28.6133
29.074
29.0901
28.9446
28.9227
28.669
28.8195
28.6899
29.1608
28.7219
28.7613
28.7528
28.6903
29.1742
28.7332
29.0779
29.0186
28.8758
28.8901
28.8297
28.7399
29.1751
28.8343
28.5509
28.7028
28.7694
28.7587
29.3235
28.7944
28.7445
28.5845
29.0941
28.2898
28.8838
28.9927
29.0178
28.8183
29.079
28.8855
28.7589
29.255
28.6178
28.6561
28.9171
28.8315
29.0267
28.7047
29.3036
28.7602
29.2716
28.7174
28.4619
28.6493
28.5885
29.1186
28.8936
29.0706
29.1156
29.0967
28.6287
28.7551
29.0237
28.8647
29.0272
28.9106
28.8903
28.5848
28.678
28.7953
28.994
28.5545
28.782
28.845
28.9461
28.3326
28.7198
28.8877
28.8507
28.9094
28.8157
29.0256
28.6584
28.6334
28.7764
28.4429
28.7703
28.5005
28.671
28.8053
29.1094
28.8748
28.5214
28.7017
29.3328
28.977
28.4988
29.2208
28.8316
28.5469
29.011
28.6534
28.5254
29.4569
28.6786
29.1644
28.6276
28.8383
29.2492
29.2442
28.9383
29.0084
28.6482
28.842
28.3242
28.7305
28.894
28.4379
28.9121
28.7973
28.8633
29.081
29.3567
28.7942
28.2141
28.4418
28.6318
28.4626
28.8986
28.81
28.6116
28.7392
28.4979
29.5497
28.8512
29.3492
28.9825
28.7694
28.598
28.3604
28.8611
28.9251
29.131
29.0569
28.8449
29.2986
28.7629
29.1697
28.9617
28.2589
28.6951
28.7587
28.8511
28.8787
28.6912
29.2137
28.7542
29.1344
28.6692
28.5785
28.4265
28.5742
29.0518
28.9184
29.0101
28.7944
28.9576
29.045
28.7472
28.8294
29.4362
28.582
28.9856
29.0183
29.1417
28.8919
29.0406
29.0809
29.4424
28.7041
28.6009
28.6309
28.635
28.7964
28.8915
28.9837
28.9774
29.1246
28.9206
28.897
29.1807
28.9358
29.0474
28.942
28.8202
28.9345
28.5923
28.5153
28.7949
28.5083
28.1934
28.9383
28.6103
28.7879
29.0409
28.9526
28.9499
28.9472
29.2561
28.6438
29.0893
29.057
29.4126
28.9089
28.9825
29.1874
29.0008
28.975
28.8046
29.0211
29.3196
28.9844
28.7979
28.1473
28.6695
28.7416
28.8689
28.9893
29.0339
28.6208
28.6358
29.2588
28.9853
28.8769
29.0225
28.7879
28.5681
28.8294
28.6152
28.7674
28.7304
28.5652
28.962
28.7613
28.5886
28.4885
28.7649
28.7937
28.743
28.5795
28.7115
29.295
28.753
28.7451
28.5542
29.2044
28.9722
28.7724
28.7522
28.8668
28.8028
28.8554
28.7679
28.7771
28.855
28.8707
28.9687
28.6734
28.8806
29.036
28.7197
28.8237
28.9164
28.6925
28.4881
28.4345
28.9915
28.0511
28.7555
29.1767
29.1034
28.7711
28.7237
28.9745
29.0821
29.1175
28.3661
28.764
28.7389
28.7138
28.6902
29.078
28.8602
28.7753
28.7805
29.18
28.8835
28.4656
29.1526
28.8784
28.9565
28.5517
28.9188
28.4757
28.9441
29.0384
29.0345
28.4731
29.1825
28.579
29.2808
29.1828
28.876
28.8311
28.7034
28.8999
29.2912
28.8247
28.749
29.0676
28.8424
28.472
28.2187
29.0394
28.3947
28.9105
28.5777
29.1093
28.8719
28.5043
29.3102
29.2932
28.6684
29.2678
28.3478
28.9223
28.9331
29.0084
28.7174
29.2845
28.6306
28.7099
29.1408
28.5427
29.2415
28.5168
28.5026
28.7884
29.4774
28.6668
28.8527
29.1292
28.4522
28.9509
28.775
28.8331
28.855
29.2859
29.0314
28.9197
29.346
28.7676
28.8992
28.9535
28.9988
28.8906
29.0503
28.9596
28.8799
28.9407
29.0033
28.939
29.3148
29.163
28.9596
28.8217
29.011
28.4966
28.9194
28.738
28.9426
29.0489
28.996
28.8972
28.8109
28.6817
29.0018
28.7818
28.729
29.0029
28.7697
28.7121
29.5255
28.7404
29.4411
28.9705
28.6395
28.8906
28.9614
28.8909
29.0354
28.7599
28.8921
28.5051
28.8322
28.6399
28.6985
28.9001
28.5554
28.9876
29.1377
29.1898
28.8325
28.8848
29.2506
28.9093
28.7938
28.6334
28.8087
28.9388
28.7655
28.9715
29.0303
28.5912
28.9128
28.6997
28.6312
28.668
29.4825
29.2551
28.8058
28.7229
28.9771
28.9393
28.5028
29.0565
28.9767
29.0785
28.4165
28.7739
29.0304
28.5938
29.0617
28.896
28.953
29.0631
29.0555
28.9538
28.738
29.1161
28.6962
28.6072
29.007
28.7939
28.9973
28.7701
29.1458
28.6759
28.8269
28.9225
28.6261
28.7221
28.7257
28.6388
28.7021
29.1083
28.9746
28.7273
28.2819
28.6178
28.5751
28.961
28.7024
28.7499
28.6417
28.6922
28.9395
28.8419
28.938
28.7197
28.674
28.2618
28.7059
28.7082
28.8719
28.913
28.899
28.9827
28.6749
28.9363
29.0937
28.8106
29.088
28.8599
29.0385
28.8385
28.8015
28.4711
28.7901
28.7844
28.531
28.7969
28.5635
28.6346
28.5214
28.7127
28.5757
28.6783
29.0323
29.0955
29.0669
28.5416
28.8721
28.8275
28.722
29.0809
28.5117
29.1647
28.433
28.9467
28.9787
28.9379
29.0439
28.7187
28.7905
29.1985
28.931
28.7726
29.0205
28.838
28.8723
28.5751
29.2478
28.8927
28.9519
28.7877
28.5096
28.6491
29.0572
28.8682
28.9525
29.1059
28.9493
28.6077
29.0454
28.7185
29.0567
28.5894
29.0773
28.4701
28.8394
29.1058
29.1661
28.7255
29.0897
28.8981
28.703
28.3514
29.0497
29.1962
28.4537
28.5354
28.9254
29.1497
28.9784
28.9226
28.7628
29.1675
29.0281
29.3891
29.0376
28.482
29.1227
29.302
28.9457
28.5657
28.9125
28.9334
29.0948
29.1906
28.8638
28.8869
29.0494
28.7079
28.6479
28.9393
28.5052
28.6892
28.7692
28.9177
28.7929
28.9472
28.4763
28.7452
28.7783
28.8496
28.9724
28.8681
28.844
29.1229
28.9913
28.9782
28.8286
29.1129
28.8377
28.9815
28.8217
28.6968
29.0103
29.054
29.0141
29.1019
28.5335
28.5627
28.3767
28.5235
28.378
28.7624
28.663
29.13
28.9157
28.7266
28.7663
28.8568
29.0663
28.4376
28.7731
28.6357
29.3891
29.1797
29.0839
28.8958
28.9163
28.7266
28.5875
28.5681
28.8012
28.7667
28.9951
29.335
28.9148
28.9366
28.747
29.2096
28.6311
28.7278
29.3271
29.3039
29.1202
29.0941
29.2333
28.8357
29.2416
28.8718
28.9448
28.6587
29.6284
28.662
28.8648
29.0635
29.2686
29.0451
29.2203
28.7201
29.0811
28.8203
28.9276
28.6951
28.4402
28.5648
28.9615
28.9427
28.9924
28.9036
28.9746
28.7057
29.2862
28.7338
28.8251
28.9975
28.4379
28.4134
28.8367
28.9094
28.967
28.674
28.8547
28.7381
28.7699
29.3863
28.8074
28.9714
28.4341
28.9764
29.1365
29.3088
28.7561
28.6942
28.8979
29.2426
29.0153
28.6584
28.9155
28.6215
28.1984
28.8113
28.3374
28.7106
28.7534
28.9187
28.5414
28.6597
28.6365
28.2432
29.0005
28.8615
28.7656
28.8359
29.1398
28.8884
28.7945
28.5551
29.3757
28.973
28.6536
28.3372
28.204
29.0396
28.8801
28.9823
29.0733
28.8588
29.1188
28.5333
28.6421
28.6205
28.936
28.4792
28.9742
28.6747
28.9355
29.2232
28.7797
29.3345
28.803
28.8449
28.9771
28.6159
29.1133
29.2665
28.6416
28.9296
28.7612
28.9887
28.4413
28.8869
28.891
28.7939
28.6865
29.1414
29.2721
28.8268
28.8344
28.7179
28.8493
28.7767
29.2587
29.0041
29.0636
28.7948
28.5382
28.9106
29.108
28.7901
29.1281
28.8726
28.7758
28.8855
29.0204
28.9088
28.5494
29.2379
28.4438
29.5943
28.8118
28.7661
28.8149
28.9564
29.0228
29.2385
28.8291
28.9875
28.5643
28.7037
28.9864
28.7116
28.9767
29.1673
28.7901
28.5032
28.6032
28.6911
28.5621
28.9038
28.9105
28.5938
28.5951
28.9313
28.834
29.3959
28.972
29.0126
29.0278
28.5852
29.172
29.023
29.0924
28.4518
29.1511
28.7086
28.9792
28.9398
28.7197
28.7325
28.9495
28.7502
29.1921
28.8393
28.8998
28.5373
28.6751
28.8429
28.6823
28.8483
28.7526
29.0064
28.7206
28.9475
29.0858
28.5836
28.7261
28.6741
29.2087
28.8625
28.94
28.867
28.9506
28.7244
29.0085
28.525
28.6298
28.6594
29.0247
28.6236
28.8669
28.4599
28.7573
28.9709
28.7096
29.1173
28.771
28.8513
28.5621
28.6173
28.5973
28.4642
28.7713
28.8955
28.9569
29.2971
29.1053
28.6368
28.7147
28.873
28.7062
29.3139
28.8232
28.8351
29.0065
28.7527
29.4138
28.6477
28.8558
29.3853
29.0815
29.2014
29.4134
28.9634
28.6421
28.7434
28.456
28.9561
29.3073
28.9984
28.7513
28.8509
28.5425
28.8799
28.7222
29.3274
28.4203
29.0807
28.6466
29.0526
28.6144
28.7441
28.4351
28.8606
28.6859
28.4791
29.2348
28.6225
28.7296
29.0966
28.9473
28.9999
28.6651
29.307
29.2103
28.8537
28.602
28.9987
28.8926
29.1754
28.9417
28.6512
28.8169
28.8251
29.1651
28.9548
28.9072
28.8227
29.0466
28.7181
29.0117
28.7736
28.4683
29.0413
29.0765
28.7568
28.9699
28.7826
29.0655
28.8028
28.4472
28.871
28.6735
28.3201
28.6094
28.6304
29.3736
28.7838
28.8445
28.9074
28.8131
29.0844
28.5946
29.1722
28.5542
28.6557
29.1122
28.7235
28.962
29.2293
29.3174
28.7687
28.6135
29.1623
28.8642
29.0981
29.0061
28.8981
28.7643
29.0689
28.9307
28.797
28.9362
29.0112
28.8985
29.018
28.7057
28.7615
28.6385
28.3364
28.9596
28.796
28.7137
28.8548
28.9511
28.3935
28.4676
29.19
28.548
29.1826
28.5097
29.4611
29.0274
28.9127
29.0655
29.157
29.0403
28.9827
29.1512
28.8549
28.6929
28.6962
29.0397
28.712
28.8256
28.8197
28.8365
29.0874
28.3931
28.6848
28.9038
28.6386
29.2378
29.3065
29.1872
29.0696
29.0444
28.7117
28.3356
28.8958
29.0192
28.4844
28.8847
28.9814
29.044
28.8727
28.7918
29.046
28.7758
29.035
29.0046
29.1353
28.6209
28.8039
29.5051
28.7464
28.6269
28.922
28.7712
28.6715
28.9143
28.7191
28.6982
29.2259
28.701
28.7256
28.8771
28.8989
29.0344
28.882
29.0835
28.8908
29.2764
29.1075
28.6507
28.9009
29.0989
28.7184
28.499
28.5748
28.9347
28.7191
28.8492
28.7686
28.5569
29.054
29.4859
28.788
28.6893
29.2181
29.0714
28.8883
29.0577
28.9121
28.8927
29.0363
28.6173
28.9262
28.8803
28.7364
28.6806
28.8811
28.9272
28.1754
29.0185
28.587
28.8991
29.0287
28.723
29.2875
28.6374
29.2411
29.1852
28.9354
28.5516
28.5817
28.9122
28.7975
28.9151
28.9915
29.2462
28.7945
29.1142
29.0183
28.7864
28.5969
28.5585
29.1636
28.4357
29.1274
29.1532
29.0884
29.032
28.9481
28.3746
29.203
28.9971
29.0378
28.7991
28.5203
28.8031
28.7825
28.8191
28.7068
28.7118
28.8082
28.9185
29.0033
28.7004
28.8036
28.8802
28.5112
29.1333
29.0145
28.4372
28.7443
28.8336
28.8871
29.1539
28.9754
28.8387
28.9256
28.6519
28.7539
29.4229
29.0007
28.8787
28.9048
29.2397
29.0661
28.7402
28.4684
28.7088
28.9571
28.7611
28.872
28.8252
29.149
29.0897
29.1889
28.8783
28.5703
28.8063
29.0837
28.9433
28.7959
28.9312
29.3098
28.7133
28.7685
28.979
28.8916
29.2363
28.8623
29.0413
29.0674
29.2201
28.6243
28.5839
29.3501
28.6812
29.085
28.9293
28.6613
28.8757
28.8289
28.6817
28.6455
28.7116
28.8848
28.7295
28.9486
28.7691
28.9283
28.9108
28.9191
28.8257
28.727
28.6955
28.9524
28.8424
28.6121
29.1939
29.0469
28.9269
28.7465
29.0639
29.0385
28.7589
29.1348
28.9973
28.7202
28.4342
28.9235
29.0346
29.12
28.9168
29.1078
29.0785
28.8948
28.8505
29.1578
29.185
28.623
28.5364
28.9187
29.0822
29.0335
28.9421
29.2164
29.6751
29.1598
29.114
28.9082
28.984
28.9984
29.292
28.8485
28.784
28.6687
29.0094
28.6556
29.0608
29.102
28.9089
28.6447
28.7135
28.4661
28.9463
28.6938
29.0193
28.8256
28.5949
28.8665
28.5011
28.7681
29.2799
28.8968
29.3099
28.8837
28.7475
29.2423
28.9436
28.755
28.2914
28.7988
29.1157
28.9003
29.0951
28.9567
29.0215
28.9046
29.0414
28.9706
28.8053
28.8985
28.9322
28.9618
29.0153
29.0481
28.6525
28.9462
29.0197
29.0264
28.796
29.2272
28.6368
28.6275
28.6518
28.7927
28.7215
28.5087
28.8421
28.9547
28.6558
29.3844
28.7585
28.8367
28.5886
29.1411
28.5701
28.6887
28.5433
29.0873
29.0113
28.8382
28.3599
28.8426
28.7932
28.3666
28.9982
28.7455
28.7002
29.1771
29.2044
28.7324
29.0969
28.8277
28.776
28.8624
28.9642
28.7472
28.7924
28.5961
28.9235
28.941
28.7651
28.5716
28.8425
28.9186
28.3043
28.9401
28.9203
28.5964
28.8477
29.1631
28.404
28.6479
28.561
28.7008
28.8143
29.1284
28.1794
29.049
28.9625
28.7919
28.7786
28.7284
29.0137
28.9258
28.883
28.594
29.0196
28.5141
29.1455
28.5207
28.5541
28.589
28.8132
28.9278
28.8504
28.6263
28.8913
29.1049
28.8765
28.8257
29.3947
28.3497
28.8481
29.0014
28.6997
29.1364
28.8794
29.157
29.357
28.8856
28.7878
28.7754
29.4319
28.9602
28.8437
28.8118
28.7046
28.8524
28.5899
29.0654
29.2763
29.0091
28.8017
28.5914
28.8916
29.1883
28.9769
28.6268
28.2265
28.823
28.847
28.91
28.9293
28.8448
28.8349
28.9384
29.066
29.0361
28.626
28.7
28.8342
28.4296
28.7661
29.2959
29.3166
28.515
29.0274
28.6074
28.8282
28.968
28.836
28.7064
28.6235
28.8529
28.8634
28.6808
28.9042
28.7444
28.9138
28.9433
29.0398
29.0311
28.7943
29.1084
28.6537
28.79
28.4765
28.8688
28.9491
28.906
28.8166
28.5261
28.8945
28.8564
28.5326
28.6113
28.6133
28.9208
28.2161
28.9266
28.9946
29
28.612
28.1098
28.6976
29.109
28.7089
28.7721
28.8499
28.4182
29.1429
29.3149
28.672
28.8753
28.8059
29.0986
29.2996
28.9243
29.1741
28.7714
28.7735
28.7953
29.1808
29.0257
29.0352
28.8819
28.8224
28.9481
28.9799
29.3743
28.8132
29.0911
28.7124
29.0866
28.6338
28.6467
28.4048
28.7656
28.9898
28.8216
29.1798
29.3232
28.7524
29.0861
29.0754
28.8571
28.9279
28.9048
29.0148
28.6524
28.6966
29.1388
28.8622
28.726
29.0952
28.8844
29.0456
28.634
29.0359
28.7935
28.8818
28.922
29.0475
29.2025
28.7843
28.9917
28.935
29.1254
28.4742
28.5615
28.9302
29.1367
28.6608
28.9475
29.1431
28.8322
28.6265
28.6785
28.6516
28.7538
28.7695
29.0455
28.7779
28.8565
28.9275
28.8444
28.9925
29.0852
29.0697
29.1309
28.7295
28.9827
29.0181
28.7276
28.8936
28.4444
28.9907
28.5051
28.8646
28.5088
29.0737
28.5784
28.5594
29.0873
28.9851
28.8249
28.7663
28.9464
28.5671
28.6388
29.0989
28.9209
29.0442
28.975
28.7256
28.8861
28.8198
28.7889
28.8743
28.7553
29.1422
28.8547
29.1843
29.284
28.7203
29.5319
28.6667
28.6175
28.6346
28.3039
28.7205
28.839
29.4854
29.0882
28.9697
28.6455
29.4082
28.9187
28.7266
28.9301
28.6968
29.2154
28.6735
29.0305
29.3991
29.094
29.0406
29.2578
28.301
29.1052
29.0176
28.899
28.7391
29.2931
28.7887
28.9385
29.1748
29.2413
28.7376
28.6255
28.7489
28.6645
29.0655
29.0864
28.5069
29.0955
29.207
28.6675
29.154
29.1987
28.9127
28.7842
28.9291
29.0077
28.8282
29.1148
28.7987
28.5846
29.0085
28.5929
28.8546
28.9082
29.0185
28.7304
28.8699
28.9364
28.8805
28.8097
29.1908
29.1995
29.0874
28.7799
28.6629
28.8554
28.7385
28.503
29.1049
28.258
29.0392
28.939
29.0849
28.9678
28.7558
28.7828
28.742
28.8706
29.157
28.45
29.044
28.6884
28.7741
28.4924
28.5123
28.9307
28.7056
28.8137
28.8555
29.4662
29.0126
29.1591
28.9812
28.7094
29.0709
28.8638
28.9079
28.705
28.2846
29.0319
29.1704
28.6967
28.9587
28.6444
28.5249
28.4454
29.3084
28.8472
28.8094
28.7359
28.7519
28.7899
28.8891
28.9498
28.6877
29.3331
28.27
29.1505
29.0429
28.6472
28.5244
28.5497
28.707
28.9094
29.152
28.7137
28.95
28.7843
29.0407
28.7554
28.6781
29.3723
29.018
28.7027
28.322
29.0927
28.7981
28.1669
28.9776
29.0038
29.0659
28.7586
28.886
28.268
28.6575
29.0656
28.7127
29.2896
29.0258
29.1845
29.1685
28.516
29.1715
28.937
29.0205
28.4233
28.9522
28.5774
29.2045
29.1713
28.9847
28.9321
29.3255
29.0769
29.2276
28.432
28.6027
29.0073
28.5778
29.0239
28.6951
28.6949
28.9606
28.2912
28.9592
28.9051
28.7081
28.8298
28.6643
28.7906
28.5128
28.8273
28.6895
28.6129
28.8999
28.7114
28.8988
28.6239
28.8756
28.8467
29.0377
28.8946
28.398
29.0327
29.0094
28.7092
29.3743
28.5073
28.7656
29.1514
28.7546
28.9804
28.509
28.9954
28.8866
28.5967
28.5153
28.6327
28.9285
28.8952
28.4492
29.2929
28.8346
28.9645
28.6622
29.0352
29.049
29.2535
29.0664
29.2765
28.8466
29.0971
28.9507
28.9621
28.7436
28.9037
28.8089
28.9525
28.9032
28.9302
28.6581
28.8057
28.7774
29.02
28.8054
28.8482
28.611
28.6418
29.3907
28.8611
28.7451
28.8228
29.3322
29.1932
28.6784
28.7441
29.0317
29.1428
28.8859
28.4032
29.2881
28.7388
28.8958
28.9941
28.7729
28.8191
28.7646
28.8304
28.5541
28.8185
29.1464
28.6199
29.0017
29.1758
28.8532
28.8675
28.7941
28.6403
29.2625
28.5198
28.7743
28.77
28.9532
28.807
29.083
28.9035
28.541
28.5187
28.7654
28.5007
28.779
28.7335
28.9633
28.8212
28.8232
28.8016
29.0227
28.8657
28.8621
29.0286
29.0817
28.963
28.7452
29.173
28.5088
28.9616
28.7317
29.197
28.6046
29.2605
29.2429
29.1088
29.161
28.9739
29.2712
29.1845
29.0782
28.5653
29.2785
28.494
28.7848
28.4399
28.6412
28.7442
28.6763
28.85
29.0568
28.5199
29.1382
28.6894
28.8016
29.4787
28.867
28.9679
28.5508
28.5992
28.7426
28.9093
28.6024
28.7015
29.2065
28.9627
28.77
28.6641
28.9228
28.7535
28.8131
28.8255
29.1651
29.1173
29.4714
28.8424
28.9231
28.6619
28.6716
28.6183
28.6684
28.6763
28.8052
28.8634
29.1745
28.9843
29.0248
29.1807
28.849
28.5261
28.8063
28.7996
28.8952
28.8164
28.5621
28.7661
29.211
28.9189
28.416
29.131
28.6555
28.0998
29.2194
28.7771
28.3777
28.8347
28.5997
29.0434
28.9904
28.9018
28.6746
29.0434
28.7452
28.5173
29.0476
29.1469
28.394
29.1148
29.1304
29.1623
28.7776
28.8082
28.9805
28.8323
28.7184
29.112
28.7087
28.3454
29.084
29.1559
28.8788
28.9064
29.0094
29.3913
28.7825
28.5196
28.8754
28.9267
28.8164
29.1766
29.1126
28.5388
28.3562
28.8011
28.7749
28.9731
28.545
28.9206
28.9319
28.9224
28.6966
28.9979
28.714
29.0966
28.6776
28.8195
29.0787
28.8035
28.9212
28.6823
28.564
28.9328
29.0833
28.9656
28.6373
28.8397
28.9044
28.7225
29.0697
28.6242
28.5281
28.7398
28.9879
28.6666
29.1059
28.8509
29.7988
28.6767
28.65
28.9604
28.5937
28.6198
28.5689
28.8685
28.7256
29.1197
29.188
29.1369
28.9924
29.1752
28.9294
29.038
29.1639
28.962
28.9427
28.6929
28.7735
28.9423
29.0769
28.3775
28.9041
28.7622
29.3118
28.9296
28.8139
28.3283
28.854
29.286
28.8113
28.8871
29.0109
28.3494
29.0449
28.8467
29.1405
29.2381
28.6623
29.0581
28.8209
29.0572
28.6724
28.873
28.9666
28.8879
28.8956
28.9436
29.0984
28.7293
29.1445
29.1456
28.6533
29.0232
28.8377
28.4934
28.5899
28.5052
28.7271
29.11
29.1132
28.1936
28.985
28.5743
28.8701
29.2076
28.8877
28.7912
28.6451
28.7278
28.8875
28.7442
28.7012
29.173
28.5224
28.4904
29.0175
28.8694
28.6525
28.8999
28.8076
29.1281
29.1613
29.0246
28.7219
28.9102
28.7634
28.729
28.798
28.7195
28.6392
28.7748
28.9205
28.6556
29.0105
28.908
29.0959
28.9135
28.9523
29.1771
28.7239
28.7259
29.3259
28.8326
28.9184
28.6713
28.6983
28.643
28.6537
29.2859
28.9117
29.0686
28.6727
28.7475
28.7702
28.8643
29.2365
28.6924
28.8488
28.6288
29.0643
29.4049
28.9712
28.7002
29.176
28.8708
28.5506
28.7474
28.779
28.6218
28.8725
28.8543
28.5778
29.0552
29.0267
28.6857
29.1547
29.3144
29.0036
28.9122
29.3782
28.5223
28.8987
28.4423
29.2197
28.7638
28.993
28.9674
28.838
28.394
28.6607
29.0135
28.8057
28.5827
28.8163
28.9913
28.0271
28.7901
28.8599
28.4613
29.2375
29.1049
28.6705
28.8481
29.1316
29.2966
29.2252
28.7465
28.6866
28.3521
28.8473
28.9017
28.6712
28.9325
28.6698
28.7378
28.839
28.9925
28.4512
29.119
29.3824
29.2753
29.0029
28.7846
29.0203
28.6755
28.4633
28.5696
28.9251
28.5899
28.7941
28.7321
28.8252
28.6803
28.7829
28.7918
28.8459
28.955
29.0954
29.027
28.8932
28.8812
28.665
29.4063
28.517
28.5229
29.4217
29.2041
28.6741
29.1905
28.7274
28.879
29.0828
28.957
28.5807
28.9112
28.9556
28.8915
28.7867
28.6895
28.7738
28.8033
28.701
28.7611
28.3075
29.0088
29.0985
28.5563
28.6497
28.497
29.0937
28.7936
28.7504
28.9173
29.2501
28.9181
28.851
28.8513
28.7999
29.3208
28.7231
28.8673
28.3469
28.9301
28.8533
28.6748
29.5031
28.4005
29.037
28.7709
29.0294
29.1356
28.6656
28.7752
28.5297
28.6362
28.8872
28.5795
28.9715
28.9436
28.6744
29.1318
28.7806
29.1164
28.7386
29.0397
28.4865
28.8197
28.6556
29.1904
28.6279
28.6526
28.7599
29.1962
28.9542
29.2473
28.6774
28.7249
29.1338
28.9531
28.5768
28.8972
28.8173
28.8301
28.8369
29.1457
28.826
28.9917
28.8115
28.6727
28.9838
29.0055
28.7291
28.9914
28.7336
28.4926
29.066
28.868
28.544
28.5125
28.7933
28.8299
28.7024
29.0823
28.7421
28.7404
28.8778
28.9572
28.6752
28.8661
28.5738
28.6639
28.8974
29.243
28.8882
28.9364
28.8557
28.7395
28.9238
28.651
28.4521
28.874
29.198
29.0319
28.7343
28.8866
28.7907
28.5869
28.8927
28.7334
29.1825
28.6897
28.4972
29.043
28.7405
28.8734
29.09
28.8892
28.6349
28.9008
28.7833
29.1875
28.7572
28.8023
29.0514
29.0554
28.8474
28.9233
28.9073
28.9228
28.9262
28.6224
29.0342
28.8182
28.9905
29.006
28.5044
29.14
28.6681
28.8927
28.3674
28.8365
28.532
28.567
28.9909
29.1016
29.0934
28.6133
28.6496
28.6305
28.9308
28.7794
28.8811
28.7357
29.0698
28.7937
29.0538
28.6649
28.7273
28.8807
29.0328
29.0508
28.6174
28.7263
29.2197
29.2117
28.8928
28.5722
28.3598
29.0506
28.3752
29.0337
28.6828
28.7297
28.5007
28.4272
29.3982
28.8277
29.0324
28.6763
28.7474
29.2906
28.9032
28.9815
28.9938
29.0504
28.4161
29.0904
28.6982
28.8615
28.4525
29.1084
28.9229
28.4448
29.0679
28.7953
28.4268
28.7821
28.4515
28.8926
29.0217
28.8925
28.573
28.6872
29.0117
29.073
28.9327
28.7369
28.9492
28.8888
29.0168
28.7372
28.8478
28.6037
28.9243
29.0353
28.8374
28.7394
28.6453
29.2571
29.0731
29.0969
29.0595
29.5081
28.5918
28.9106
29.0047
28.7148
28.5782
28.7376
28.4844
28.701
28.99
28.6993
29.3336
28.6552
29.0818
28.6824
29.2773
29.0811
29.3187
28.9896
28.8461
29.1625
28.5737
29.1406
28.9547
28.951
28.6024
28.7518
28.7159
28.6235
29.2392
29.0273
28.7022
29.2693
28.9564
28.7268
28.7444
28.8287
29.0464
29.3981
28.3435
29.205
29.0454
28.5376
28.7885
28.8806
28.6749
28.6368
28.8791
28.8272
28.8503
29.3202
29.0789
28.8026
29.1309
29.6405
29.0217
28.9871
28.9722
29.0181
28.7616
29.2991
28.7741
28.7813
29.3106
28.8005
29.1592
28.978
28.9507
28.6228
29.2578
28.5933
28.8895
29.2208
28.8525
29.1191
29.039
28.7508
29.1042
29.3123
28.3133
28.9868
28.9651
29.1222
28.48
28.8231
28.4769
29.049
28.6837
29.3353
28.7516
28.6357
28.8342
28.9058
28.8212
28.5974
28.9985
28.7539
28.8075
28.7172
29.003
28.7078
29.0004
29.0691
28.6838
28.8963
28.6871
29.5689
28.9096
29.3469
28.6482
28.6199
28.4649
28.6946
28.7673
28.8825
29.0737
28.7524
28.6922
28.9655
29.0371
28.8694
29.2484
29.145
28.6551
28.5052
28.639
28.8906
29.2478
28.5732
28.7292
29.152
28.7981
28.7493
28.5378
28.7641
28.6342
28.5879
28.878
28.542
29.0647
28.8963
29.2234
29.0118
29.0167
28.9804
28.6344
28.7236
29.4569
28.8709
28.7025
28.5056
28.8949
28.8978
28.7561
28.9705
29.2164
28.6799
28.9286
28.6153
28.9879
28.8463
28.8783
28.8011
29.2576
29.2097
28.3459
29.1278
29.2361
28.6293
29.0623
29.1858
28.7274
28.8886
28.8148
28.6859
28.7443
28.9963
29.0068
28.8761
28.9065
28.6133
29.4554
28.7276
28.7951
28.9635
28.2872
28.7643
28.6413
29.4612
28.6209
29.0812
29.0045
29.3207
28.8706
28.9389
28.9188
28.8656
28.6444
28.753
28.7901
28.4762
28.5396
28.9846
28.7377
28.7929
28.7735
28.9747
29.0259
28.9092
28.9543
28.9658
28.8486
28.9165
28.8094
28.7048
28.4385
28.563
28.4946
28.9096
28.5266
28.5519
28.9985
28.7754
29.0217
29.1251
28.7918
29.2189
28.9505
29.1895
28.6693
28.7132
29.3074
28.7947
28.6026
28.8623
29.1535
28.6562
29.0085
28.8742
28.5677
28.7295
28.884
29.0656
28.8603
28.8359
28.8198
28.8408
28.5161
28.8866
29.1651
28.8159
28.3916
28.9855
28.7186
29.2577
28.3392
29.2749
28.8789
29.0721
28.8564
28.9471
28.8671
28.6093
28.9585
28.1965
28.4942
28.7429
28.921
28.9623
29.1362
28.8361
29.1893
28.8735
28.8575
28.3264
28.523
28.7288
28.1329
28.8991
28.8762
28.7801
28.8803
28.8893
29.1862
28.631
28.8061
28.6825
28.6634
28.4136
29.1851
28.9685
29.043
28.6588
28.6882
28.4593
28.7334
29.1362
29.1089
28.9407
29.1178
29.3619
28.3474
28.8439
28.7681
28.7613
29.298
29.1096
28.7897
28.7098
29.2448
29.0527
28.6267
28.6738
29.0967
28.6392
28.9669
28.836
28.2745
28.3074
28.37
29.0762
28.754
28.9784
28.962
28.5881
28.623
28.9267
28.8759
28.7509
28.6945
28.9929
28.7416
28.7517
28.5922
28.649
28.511
28.952
28.9856
28.6626
28.7038
28.5568
28.8156
28.8801
28.9644
28.7981
28.603
29.2145
28.7432
29.2098
29.0215
28.6415
29.0969
28.734
28.6039
28.3335
28.7793
29.0777
28.7931
29.0102
28.8742
28.7968
28.769
28.4466
29.007
28.5991
28.58
28.549
28.5223
28.688
28.8567
28.3505
28.8434
29.0106
28.6167
28.8112
28.7613
28.3978
28.7382
28.8568
28.8999
29.0095
28.7983
29.1564
28.6283
28.8917
28.7046
28.8838
28.6701
29.0327
29.025
28.7218
28.904
28.9448
28.9789
28.7359
28.8873
28.8382
29.1727
28.8427
28.7726
29.1938
28.8059
28.625
28.8375
28.6894
28.6968
28.5536
28.6589
28.7841
28.8635
29.0673
29.3021
28.8135
28.8805
28.7737
28.9104
28.7285
29.0433
28.6245
28.8593
28.9784
28.844
28.7952
28.4902
28.9118
28.6602
28.8843
29.2354
28.9947
28.5852
29.2604
29.1497
28.9961
28.6191
28.9291
28.7887
29.0972
29.0343
28.6644
28.7713
29.0585
29.1613
28.6867
28.4313
28.6152
28.6859
28.9583
28.537
28.6996
28.6974
28.9632
29.0409
29.0732
29.5023
28.9823
28.5344
28.6833
29.2988
29.02
29.231
28.9159
28.8194
28.6784
28.754
28.9675
29.3033
28.8641
28.9646
28.9753
28.9611
28.7321
28.973
28.981
28.9893
28.7071
29.1747
29.2852
29.2804
29.2478
29.1292
28.7408
28.5033
29.3769
28.7968
28.8777
28.9995
28.8348
29.1903
28.9598
28.867
28.8397
28.9857
28.647
28.7747
28.7741
28.4777
28.9602
28.845
28.9477
28.931
28.9709
28.8162
28.7516
28.6478
28.9688
28.7057
28.8574
28.7732
28.6354
28.8243
28.7026
28.8461
28.9316
29.1931
28.8181
29.1353
28.4277
28.8448
28.8279
29.2452
28.9435
28.7162
28.5439
29.072
28.6309
28.3792
28.8917
29.3597
28.5182
28.6387
28.8913
28.7435
28.5831
28.6245
28.907
28.2607
28.8364
28.3775
28.9724
29.1649
29.0643
29.3414
29.0951
28.6433
28.9675
28.9067
28.7285
28.7888
28.9976
28.5255
29.242
29.005
28.5353
28.8191
28.8302
29.0703
29.0203
28.5891
28.8684
28.7234
29.2064
28.9682
29.0499
28.6898
28.8416
29.0129
28.917
29.136
29.064
28.8081
28.8868
29.4386
28.8945
28.9107
28.8038
28.7967
28.4926
28.9765
28.613
29.1325
28.8607
28.6058
28.9192
29.1793
28.6607
29.0747
29.179
28.94
29.1045
29.0779
29.0924
28.7143
28.7561
28.8857
28.7413
28.8565
28.7354
28.9011
29.0325
29.0382
28.6949
28.5733
28.8211
29.5988
28.6033
28.9657
28.8406
28.9143
28.8548
28.5986
28.97
28.6627
29.0865
28.6811
29.0095
28.6466
28.8402
28.7985
29.1987
29.0354
28.9479
28.9323
28.4849
28.9075
29.037
29.0003
29.1666
28.7077
28.714
29.0416
29.0362
28.6493
29.1705
29.0293
28.6348
28.4485
28.8144
28.9868
28.514
29.013
28.5288
28.8745
29.2459
28.5207
28.6525
28.7756
28.6967
28.8249
28.8704
28.6838
28.6339
28.8967
29.1253
28.5899
29.0005
28.5362
28.3345
29.0657
28.8696
28.8274
28.6661
28.71
29.033
28.922
28.8128
28.9384
28.9303
28.4398
28.6964
28.7769
29.5124
29.0054
28.6579
28.8023
29.1264
29.1719
28.8515
29.3394
29.076
28.4899
28.6906
28.9929
29.4035
28.5746
28.854
28.9222
28.6149
28.8153
28.9043
28.5009
29.1093
28.7936
28.9734
29.2128
28.8776
29.0982
28.6448
29.0055
28.8923
29.1181
28.719
28.6367
28.8184
29.0625
29.0063
28.9664
28.7988
28.7915
28.5394
28.5337
28.8086
29.1056
28.8201
29.2111
28.7837
28.3787
28.841
28.8383
28.9428
28.7813
28.6712
28.9043
28.8099
29.0475
28.8768
28.9835
28.9459
28.5744
28.9741
28.7293
29.0825
29.0537
29.3266
29.3859
28.8667
28.5612
29.023
28.9681
28.6959
28.4939
29.0065
28.6667
28.766
29.0514
29.0458
29.058
28.5773
29.0229
28.6466
29.1568
28.3601
28.6779
28.1977
28.8921
28.8254
28.758
29.0099
28.7008
28.8585
29.3212
28.4364
28.6991
28.795
29.4782
28.5528
29.1408
28.6094
28.6265
28.5835
28.6743
28.522
28.7552
28.9136
28.8555
28.9752
28.5947
28.7034
29.0219
29.1352
28.8049
28.3071
28.6711
28.7144
28.8229
28.7737
28.8498
28.5648
29.2292
28.9185
28.5813
28.7876
28.8373
29.0519
29.1943
29.1838
28.6161
28.338
28.7313
28.5346
29.2323
28.7364
28.5661
28.459
28.9345
28.7427
28.836
28.528
29.2399
28.5513
28.9877
28.628
28.6039
29.1398
28.855
28.5488
28.9722
29.0972
28.8347
29.3234
28.8975
28.9939
29.2402
28.9637
29.1857
29.0472
28.8201
29.2342
29.0333
28.8022
28.8482
28.6673
28.6908
28.3806
29.0555
29.1972
28.5317
28.6809
29.2456
28.8782
28.812
28.5985
28.7905
29.1096
28.7212
28.7129
29.2104
29.1053
29.0681
28.626
28.7729
29.4408
29.0911
28.9449
28.8719
28.743
28.5585
28.7465
29.3374
29.1854
28.9873
28.9051
28.8564
29.1213
29.2104
28.842
28.9064
28.6204
28.7059
28.8236
28.7216
29.1991
28.5539
28.6986
28.718
28.8614
28.6754
28.796
28.1875
28.957
29.289
28.7943
28.9741
28.9333
28.8255
28.8337
28.8485
28.9098
28.9655
29.2809
28.9335
28.8051
28.6431
28.8049
28.7942
28.768
28.6677
28.982
28.7779
28.7696
28.8206
28.9323
28.9306
28.7354
29.1385
28.6496
28.8884
29.099
28.815
28.8144
28.8517
28.6915
29.2454
28.2243
29.0308
28.8153
29.0236
28.9957
28.527
28.7887
29.3581
28.3996
28.6379
29.0373
28.8905
28.6726
29.373
28.9416
28.6473
28.7862
28.955
29.1047
28.7569
28.3997
28.6362
28.4937
28.4869
28.8688
28.7008
28.6565
28.8192
29.0882
28.6701
28.7346
28.6916
28.904
29.2536
28.7262
28.7492
28.8126
28.8933
28.9622
29.3119
28.9321
28.5388
28.6429
29.2987
28.567
28.8149
28.5916
28.9256
28.8764
29.3492
29.0646
28.981
29.1341
29.1766
28.8822
28.1641
28.8707
28.7507
28.7588
28.8811
28.6363
29.2583
28.3642
29.0875
28.5339
28.7541
28.7476
29.218
28.5805
28.8924
28.5486
28.7925
28.6433
28.7427
29.027
28.9907
29.1048
28.8177
29.0084
29.0034
28.9391
29.19
28.8618
29.1659
28.9067
28.7094
28.7323
28.8096
28.4602
28.3695
28.6196
29.0325
28.656
28.8031
28.6382
29.0497
29.0429
29.0792
28.9236
28.8626
28.7182
29.0981
29.0846
28.5213
28.846
28.6632
28.9417
28.6337
29.1694
28.7701
28.7244
28.5301
28.689
28.986
28.4965
28.5356
28.4086
29.0464
28.9209
28.8234
29.0606
29.0288
28.9502
28.9758
28.7498
28.78
28.7033
28.8276
28.7852
28.903
29.1684
28.9113
28.4048
29.246
28.6948
28.9393
29.1356
28.8282
29
29.2079
28.7949
29.1419
29.1459
28.7517
28.9426
28.8664
28.7574
28.9364
28.6729
28.8882
28.5302
29.0054
29.1369
29.1796
28.746
28.9919
28.9084
29.0397
29.1941
28.3837
28.7659
28.6768
29.1145
28.7923
29.1149
28.9598
28.7198
28.8373
29.3433
28.8085
28.6398
29.2818
28.57
28.3502
29.0728
29.0104
28.4708
28.9068
29.0428
28.9712
29.1277
28.7009
29.0615
29.0662
29.1995
28.936
28.9199
28.476
29.0655
28.9393
29.0491
28.8698
29.046
28.8061
29.0779
28.6153
28.7536
28.8956
29.1045
28.4437
29.2972
28.1935
28.7376
28.9656
28.473
29.1306
29.1064
28.6438
28.9816
29.0434
29.0122
28.9129
28.9367
29.2143
28.7004
28.4293
28.938
28.6244
28.5849
28.4128
28.4265
29.1161
28.9853
28.5945
28.9322
28.8206
28.732
28.858
28.8629
28.9533
29.1574
28.7707
28.409
28.8929
29.0556
28.8161
29.2363
28.8115
28.8795
28.8726
28.9098
29.252
28.8486
28.5566
28.4937
28.5018
28.4991
29.2642
28.932
29.0649
28.6211
29.1932
28.8467
28.8392
28.6472
29.0998
28.7537
29.1278
28.4442
28.9415
28.6504
28.863
28.4102
29.3277
28.8887
28.4772
28.7728
28.7412
29.3322
28.7322
28.8915
28.6948
28.571
29.1022
28.6705
28.3021
28.9493
28.4754
28.9919
28.9264
28.9782
28.9712
29.4068
28.6671
28.6522
28.5927
29.0694
28.7566
29.1159
28.4927
28.9966
28.6863
29.1238
28.7811
28.9179
28.4496
28.8191
28.5669
28.8649
28.9
29.3651
29.1423
28.9235
28.6319
28.6407
28.9032
28.6006
29.1528
28.6144
28.7277
29.3492
28.6003
28.9728
28.6598
29.0983
29.0224
28.5764
29.0718
28.4797
28.8388
28.9795
28.6922
28.4698
28.8297
28.985
29.2261
28.4473
28.7147
28.9454
28.9888
28.846
28.7267
29.078
29.0182
28.8518
29.0161
28.5913
28.9402
28.625
28.6862
28.6093
28.8171
28.9036
28.8139
28.9218
28.55
28.8407
29.0984
28.6736
28.6502
28.5651
29.1282
28.8985
29.0526
28.9281
28.6809
28.7286
28.8933
28.6574
29.3028
28.7596
28.7283
28.5708
29.1548
29.1472
28.8734
28.5971
29.3435
28.6091
28.6451
29.2322
29.0958
29.0052
28.977
28.4266
28.898
28.7189
29.1801
28.9522
29.0038
28.83
29.0381
29.0203
28.7675
29.1093
28.717
29.3166
28.5317
28.4898
28.8288
29.0463
29.2878
28.9371
29.1637
28.7565
28.6943
28.6209
29.0777
29.0686
28.8704
29.0547
29.0767
28.502
29.0167
29.0841
28.9739
29.183
28.5275
28.5489
28.9007
28.4972
28.6369
29.1013
29.0993
28.9815
28.4783
28.9423
29.0703
28.9151
28.8011
29.2213
28.3124
28.9257
28.7265
28.5452
28.6993
28.9427
29.1101
28.5481
28.6713
29.0158
28.9916
28.6665
29.1225
28.9225
29.2054
28.9328
28.5506
28.875
28.9654
28.6333
29.3142
28.5344
28.6254
28.7898
28.5376
28.8308
28.9186
28.8578
28.9506
28.3895
29.0124
29.1283
28.6531
29.1796
28.9046
28.871
28.4835
28.4316
28.9356
28.465
28.9428
29.3656
28.763
28.6732
28.6354
28.7465
28.856
28.7985
28.4955
28.7766
28.9509
28.8583
28.2536
28.8796
29.1821
28.8628
28.9518
28.4382
29.4258
29.5084
28.6962
28.7844
28.8789
28.7626
29.2085
28.8454
28.4362
29.0239
29.0137
28.3743
28.9221
28.8736
28.4331
28.9622
28.7279
28.6652
28.918
28.9691
29.3844
28.8235
28.5951
28.7826
29.2863
28.4686
28.7176
28.945
28.998
28.5513
28.8064
28.3793
28.3836
29.3841
29.1929
28.9913
29.0182
29.2683
28.8396
28.6601
29.1235
28.8206
29.0013
29.055
29.0912
28.6788
28.6157
28.5101
28.8951
28.5788
29.1559
28.8812
28.9837
28.6324
28.4957
28.8822
28.4689
29.1152
28.523
28.8897
29.4376
29.0677
28.7427
28.8581
28.4334
29.0432
28.847
29.0669
28.7102
28.7478
28.614
28.7998
29.1121
29.2312
28.717
29.0122
28.7998
28.9141
28.892
29.1329
28.7721
28.5756
28.8546
29.0481
29.3279
29.3245
28.8081
28.5163
28.501
29.1075
28.8039
28.9334
28.8058
29.114
28.7014
28.8911
28.669
28.8845
28.7698
28.8417
28.612
29.069
28.2332
28.9255
28.9692
28.6031
28.8834
28.9266
28.7275
28.7942
28.511
28.9077
29.1653
29.0054
28.5609
28.6285
28.5774
28.9571
28.5031
28.7825
28.7074
28.8838
28.8337
28.9055
29.0474
28.9297
28.7915
29.0443
28.8716
29.2384
29.112
29.2442
28.9253
28.7664
28.7909
28.7602
28.9042
28.676
28.8863
28.592
28.7924
28.8738
28.89
28.7299
29.3456
28.9008
28.855
28.594
28.9506
29.0321
28.5996
28.8169
29.2882
28.6548
29.2179
28.8807
28.7965
28.7993
28.5902
29.1412
28.8306
28.7881
28.6017
29.5999
28.5749
29.2095
29.0167
28.6873
28.7017
28.6717
28.7192
28.9593
28.9394
28.7345
29.2027
28.5484
28.8617
29.0588
29.096
28.5948
29.0517
28.6942
28.7849
28.9861
29.1297
28.9935
28.8176
28.8865
28.5935
28.7475
29.0497
29.3742
29.3682
28.9575
28.9268
29.1906
29.1193
29.3076
28.7823
29.092
28.9659
29.0354
28.7413
28.765
28.8452
28.5751
28.9098
28.7262
28.9287
28.3984
28.9
29.0929
29.0026
29.0022
28.7995
28.7173
28.6164
29.1563
28.8397
29.2558
28.7687
29.02
29.1209
28.5958
28.8343
28.69
28.06
28.566
28.657
28.5553
29.4083
28.7698
28.9535
28.7679
28.4375
28.9712
28.6209
29.1473
29.0371
28.906
28.8868
28.9773
28.7403
28.6418
29.1273
29.1602
28.7912
28.7596
28.8416
28.3714
28.9758
28.8594
29.1137
28.2784
28.9626
28.9633
28.6749
28.44
29.3548
28.4074
29.1368
29.0938
29.1122
29.2983
28.9277
28.7546
28.8791
29.1652
28.4815
28.8269
28.8812
29.0253
29.0993
28.7365
28.7195
29.1096
28.8307
28.8466
29.0886
28.8116
28.8468
29.1781
28.487
28.3261
28.9131
28.9684
29.2258
29.4609
29.0621
28.6219
28.8562
29.1192
28.4049
28.8959
28.6253
28.9326
29.0819
28.4694
28.9447
28.8269
28.9258
28.8829
29.3843
29.1958
28.9466
29.1055
28.7744
29.1696
29.505
28.8418
29.1378
28.9288
28.9459
29.0296
28.933
29.2875
28.6966
29.0086
28.4301
29.1568
29.0233
28.5578
29.1658
28.8942
29.0055
29.1279
28.553
29.1811
29.3425
28.651
28.4606
28.727
29.1241
29.0775
28.9993
28.5796
28.6774
28.9116
28.6672
29.1394
29.0771
28.8287
29.1926
28.5417
28.7427
28.9913
28.387
28.7424
29.0826
28.8306
28.8452
28.7195
28.8682
28.7002
29.0746
29.0234
28.84
28.9058
28.9513
28.5934
28.8363
28.4581
28.7178
28.5259
28.5516
28.8426
28.9966
28.8486
28.8363
29.0211
28.8843
29.1059
28.6951
28.4036
28.7764
28.6505
29.3617
28.7635
28.8319
29.3381
28.9007
28.6852
28.3097
28.4515
29.1546
28.718
28.687
29.1035
28.9176
28.8858
28.8323
29.1518
28.7309
28.5725
29.2978
28.6444
28.5538
28.7478
28.877
29.1878
28.8856
28.6745
28.6115
28.7459
28.6561
28.8637
29.1948
29.114
29.0465
28.9698
28.7935
29.2722
29.0791
28.7859
29.0876
29.0236
28.5876
28.6185
28.7935
28.5272
28.9183
28.9279
28.7473
28.6162
28.6457
28.591
28.5878
29.4414
28.9534
29.005
28.8827
29.6534
28.9551
28.4943
29.2555
28.9611
29.1864
28.4935
28.6788
28.395
28.9302
29.3021
28.7629
28.2675
29.0697
28.7787
29.0853
28.7944
28.4611
28.7166
28.5916
28.7926
28.6735
28.976
28.8479
29.1861
29.3083
28.7506
28.8979
29.0697
28.6358
28.5245
29.1577
29.0469
28.7092
28.8291
28.8984
29.0777
28.3351
28.4011
29.1454
28.576
28.6918
28.8412
29.0884
28.7546
28.4856
28.9446
28.9407
29.1884
28.8004
29.0093
29.1101
28.9821
29.0383
28.5783
28.6905
28.8799
28.5318
28.6911
29.279
28.8671
28.9061
29.1423
28.6371
29.0149
29.1865
28.9631
28.6025
28.6673
28.5928
28.9628
29.2807
28.8103
28.6983
28.763
28.7469
29.145
28.9635
28.8563
28.4734
28.7175
28.6997
28.869
28.489
28.6902
28.7068
28.5967
28.6345
29.2249
28.8597
28.815
28.9716
28.073
28.9241
28.8561
29.1534
29.0945
29.2275
29.096
28.7712
29.0907
29.244
29.0183
29.0833
28.9252
29.1364
28.852
29.3283
29.0254
28.9697
28.8754
28.7322
28.6231
29.0728
28.8858
29.2393
28.9656
28.5239
29.5457
29.1533
28.9138
28.7154
28.9891
28.783
28.9511
29.0916
29.0248
28.7486
28.5336
28.5887
28.5354
28.8382
28.9167
28.6028
28.9129
28.4278
29.4452
29.178
28.9017
29.374
28.7567
28.6668
28.8006
29.1682
28.7441
29.3445
29.1265
29.088
28.9637
29.1465
28.7657
28.8573
28.5683
29.2089
28.8094
28.8125
28.7674
29.2248
29.5058
29.1785
28.7147
28.6423
28.8181
29.0197
28.6112
28.8491
28.7502
29.131
29.2999
29.307
28.6676
28.8461
28.744
28.7534
28.5699
28.9992
28.6726
28.6737
28.3354
28.7127
28.83
28.9191
28.7984
28.831
29.0762
29.0544
28.9423
29.2087
29.0919
28.808
28.7851
28.5215
29.4722
28.7981
28.7661
28.6145
28.2836
29.1414
28.9156
28.6494
28.548
28.947
28.9671
29.1096
28.9049
29.1327
28.5693
29.1138
28.7659
28.8638
29.0677
28.6893
28.6375
28.8536
28.8212
28.8042
28.5769
29.0328
28.5412
28.5817
28.4524
29.009
28.8177
28.9784
29.1926
28.6753
28.7946
28.3289
29.032
28.735
28.3251
28.7852
29.1061
29.1665
28.1191
28.8645
28.9874
28.6026
28.5858
28.7298
28.9704
28.5228
29.3565
28.513
28.8804
28.918
28.8117
28.9545
29.4096
29.1256
28.8289
28.9827
28.8609
28.9641
28.9821
28.9843
28.5858
28.9583
28.9731
29.2295
28.8821
28.8838
28.8976
28.9263
28.5657
28.767
28.4587
28.9884
28.8295
29.0286
28.8482
28.7882
28.8026
28.7317
29.1791
28.452
29.1681
28.7142
28.91
29.5327
28.742
28.9474
28.5431
29.1459
28.9262
28.9592
28.8259
28.9023
29.2907
28.3281
28.8827
29.0636
28.7242
28.7545
28.6844
29.2418
28.7902
28.7258
28.9987
29.1148
29.1439
29.1718
29.178
29.0296
28.9692
28.9839
28.6658
28.8819
29.0573
28.7686
29.1503
28.7087
28.9917
29.2945
28.7906
29.1696
28.5699
28.7716
28.9929
29.2255
28.6551
28.5265
28.8577
29.0468
28.7358
29.108
28.8048
28.7156
28.7014
29.0148
29.0086
28.7934
29.1662
29.0226
28.9556
28.5539
28.8563
28.9379
28.7435
28.7541
28.3838
29.0328
28.6981
28.3
28.9803
28.5569
28.5883
28.9622
28.9198
28.7066
28.8193
28.8943
28.9641
28.508
28.8344
28.9919
28.6749
29.0556
28.9854
28.7603
28.9756
28.8205
28.6829
28.9129
29.0327
28.7369
28.725
28.832
29.2375
28.7678
28.814
29.0017
29.0591
28.718
28.7394
28.9806
28.7844
28.8925
29.4499
28.688
28.8929
28.788
28.7865
28.9269
28.8258
28.5665
28.5698
29.1619
28.8982
29.2602
29.0925
29.4624
29.2039
28.5863
28.7039
29.0135
28.9363
28.7208
29.0486
29.2637
28.9592
29.0959
28.8408
28.4894
28.782
28.8475
28.8404
28.6888
28.8505
28.6436
28.4803
28.7885
28.2407
28.6373
29.0277
29.0787
28.7861
28.7392
28.6308
28.8708
29.3354
29.0285
28.6613
28.7671
29.198
28.687
28.6934
29.0666
28.769
29.1695
28.8316
28.8367
28.4386
28.6074
28.9408
28.8025
28.5253
28.9956
29.1249
28.4261
28.7668
28.9405
29.3875
29.3508
29.1322
28.9622
28.618
29.263
29.5149
28.799
29.0308
28.9175
29.0383
28.8069
29.1825
28.7585
28.8959
29.3037
28.7066
28.9467
28.625
28.4231
28.5653
28.3819
28.4334
28.9574
28.8741
28.6026
29.1447
28.7099
28.9792
28.9572
28.5049
29.2121
28.4582
28.6998
28.8266
28.9238
28.5338
28.7684
29.0618
28.5395
29.156
28.91
28.591
29.1059
28.7941
29.2109
29.0204
28.9603
29.0208
28.7682
29.1139
29.0462
29.1821
28.9926
28.7331
29.0382
28.71
28.8207
28.9076
28.4537
28.8218
28.6958
28.924
28.6099
28.9256
28.6456
28.5675
29.2252
28.538
28.5302
29.1867
29.0612
28.6708
28.99
29.0914
28.8823
28.9127
29.034
28.4657
29.0424
28.7309
28.9473
28.3307
28.8839
29.0339
29.0031
28.9893
28.6025
28.776
28.6811
28.9148
28.433
28.621
28.5921
29.1041
28.4592
29.3162
28.6285
28.394
29.0586
28.7998
28.8637
28.7825
28.707
28.7016
28.6392
28.7742
28.991
28.6853
28.8302
28.9639
28.5876
28.9226
28.6313
28.9937
29.4925
29.0673
28.8927
28.8865
29.0083
29.0929
28.6092
28.7147
28.9006
29.1478
28.7152
28.4756
28.7241
28.9554
29.0877
28.7931
29.092
29.2504
28.9892
28.9082
28.6253
28.7396
28.8805
29.0102
28.6163
28.9716
28.6013
28.5734
28.8594
28.235
28.6097
29.2229
29.013
29.187
28.9493
28.6838
28.9437
28.8429
28.8324
29.0846
29.0211
28.5934
29.0282
29.0546
28.9454
28.9845
28.484
28.7409
29.0775
28.7412
28.9299
28.5448
28.9839
28.7403
29.0288
28.7869
28.4979
28.4532
28.8846
28.6962
28.6128
28.6064
28.982
28.8032
28.8599
28.859
28.7667
28.7853
29.211
28.7285
29.087
29.0369
28.4954
29.2926
28.9097
28.7592
28.7638
28.7044
28.4201
29.0854
28.4849
28.559
28.7985
28.2906
29.1664
28.7469
29.01
28.938
29.2434
28.7279
28.6212
28.919
29.2176
29.2122
28.8623
28.8581
29.0172
29.2962
28.3798
28.9816
29.0315
28.5226
29.4551
28.7662
28.925
29.0571
28.3916
29.1931
29.3503
28.6758
28.4374
28.7826
29.1161
29.184
28.8884
28.6998
28.8199
28.7504
28.5316
28.9247
28.883
28.8722
29.1935
28.8335
29.0194
28.7433
28.8409
29.0009
28.8994
28.7797
28.913
29.0012
28.6193
28.6446
29.006
28.9411
28.9302
28.5556
28.8811
29.1183
28.7483
28.4976
28.7949
28.5642
28.5226
29.0037
28.5396
28.3711
29.0489
29.0573
28.511
28.7523
29.0369
28.5406
28.7241
28.2853
28.8763
28.7937
28.8611
28.8746
29.3764
29.107
29.0642
28.7543
28.2472
28.9702
28.6259
29.1266
28.8518
28.4975
28.5055
29.0337
28.5163
29.1553
28.7414
28.6622
29.0191
28.9295
28.8718
28.9234
28.9251
28.9999
29.436
28.8401
29.1613
28.6401
28.9221
28.6283
28.8561
28.9697
28.7842
29.1631
28.6124
29.2263
28.8674
28.7701
28.6744
28.7625
29.0933
28.9567
29.3637
28.7087
28.9453
28.3179
28.7372
28.8049
29.0355
29.0384
28.7848
29.3496
29.1785
29.4016
29.1056
29.1722
28.613
29.083
29.0287
28.6762
28.8127
28.9521
28.5925
29.4117
28.5647
28.5117
28.9041
28.9458
28.5391
28.7419
28.8781
28.9566
28.4981
29.2198
29.1817
28.9977
28.8913
28.7387
29.0346
28.4802
28.8861
28.4217
29.1619
28.6993
28.757
28.7983
28.4006
28.5359
28.9474
28.8033
28.8035
28.8724
28.9349
28.6384
29.0907
29.5534
28.8326
28.7833
28.9271
28.6132
29.2185
29.0136
28.8708
28.8561
29.1032
28.6454
28.4877
29.0556
28.8148
28.7512
28.9382
28.2923
28.6541
28.8081
28.6352
28.4662
28.6663
28.9163
28.7436
29.0787
29.8442
28.3915
29.1773
28.8187
28.759
28.9132
28.5823
28.8147
28.847
28.9516
28.387
28.9326
29.1003
29.0915
29.4835
28.988
29.255
29.0097
28.9119
29.2564
28.9082
28.7744
28.6724
28.7544
28.758
28.2859
28.9822
28.7287
28.759
28.5957
29.3005
28.3511
28.6863
28.8456
28.3756
28.9123
29.2109
28.5418
28.9424
28.8859
28.7092
28.6894
28.9214
29.0473
28.6752
29.2226
28.9347
29.0535
28.8095
28.5685
29.1384
28.7261
28.4859
28.8433
28.9322
28.7872
29.0995
28.8288
29.181
28.6575
28.8354
28.8252
28.4583
28.4485
28.7975
29.1412
29.0233
28.7069
29.0644
29.1316
29.0907
29.3302
28.7312
28.6894
28.6722
29.1936
28.6056
29.4191
28.6833
29.0236
28.4554
28.5935
29.0503
28.8672
28.848
28.8313
29.3973
28.6758
29.0686
28.8524
28.8844
29.0834
28.9637
29.0197
29.0992
28.6107
29.0171
29.2367
29.4674
28.8522
28.8787
28.7186
28.5874
28.7518
28.6998
28.9151
28.9547
28.8149
28.8268
28.6293
28.809
29.0617
28.9372
28.5355
29.0687
29.0472
28.9911
28.551
28.7586
28.8206
28.9091
28.7193
28.7784
28.7938
29.1596
28.9501
29.0482
28.9401
28.8179
29.0801
29.2714
28.9671
28.8095
29.3363
29.0553
28.7488
28.832
28.78
28.7826
29.0316
28.6304
29.2847
29.0196
28.9687
29.1688
28.6308
28.8855
28.5425
28.7162
28.9047
28.7768
28.6629
28.9775
28.9693
28.4972
28.7348
28.8601
29.5127
28.7873
28.7231
28.7538
29.0417
28.3348
28.7888
29.3157
29.0948
28.9736
28.8832
28.3631
28.9087
29.2318
28.8167
29.1948
28.191
29.0779
28.858
28.6001
29.1997
28.6189
29.02
28.8488
28.8226
28.4285
29.1068
28.9865
29.0336
29.2746
28.7769
29.3436
29.1957
28.8313
28.6476
29.0317
29.1321
28.9674
28.9818
28.6383
