9.28204
9.181
9.27007
9.02978
9.3126
9.53432
8.75163
9.25166
9.22872
9.1438
9.3276
9.33257
9.05751
8.60249
8.88117
8.97583
9.02358
9.3038
9.54284
8.86978
9.22158
9.14638
8.99687
9.51757
9.02555
9.21388
8.84953
9.16384
9.5106
9.24315
8.87988
9.38954
9.23198
9.0018
9.29945
9.02085
9.16576
9.11805
9.02576
9.26798
9.62248
8.55369
8.82578
9.01868
9.21234
8.97882
9.30577
9.22815
9.38898
9.69875
9.1015
9.04145
8.78938
8.56676
8.90506
9.3216
9.25765
9.0547
9.36924
8.70565
8.72538
8.96666
8.75538
9.09492
9.17115
8.99555
9.3982
9.35988
9.48278
8.72658
9.23017
9.44055
8.9879
8.88763
8.78378
9.08937
9.46286
9.24933
9.22855
9.29996
8.75929
8.98325
9.12472
9.55481
8.96857
8.88439
9.16187
8.65872
9.42631
9.26945
9.02258
8.98162
9.30038
8.88489
9.18942
9.18933
9.33718
8.8618
9.375
8.67248
9.54602
8.99439
9.03258
9.18155
9.32316
8.46946
9.28147
8.79095
8.97807
9.23158
9.12956
8.75394
9.54112
9.13989
9.11826
9.19483
9.18119
8.95914
9.07882
8.87658
9.46719
9.51883
9.05985
9.13529
9.26555
9.09265
8.69663
8.73898
9.59747
9.09088
8.91485
9.13042
9.52843
9.35561
9.17566
8.78037
9.18295
9.39426
8.8442
8.98256
9.30447
8.87393
9.2541
9.20233
9.11397
9.29286
8.73056
9.16539
8.9984
9.45889
9.15439
9.08578
9.21429
9.31233
9.45001
9.14519
9.05181
8.93134
9.3249
9.48786
9.29578
9.26929
9.06589
9.079
9.38554
8.90391
9.22669
9.26438
8.78633
9.43295
9.17952
8.96693
9.45019
9.11009
9.20179
9.57239
9.13313
8.88142
8.94373
9.01767
9.15364
9.19773
9.05338
8.85959
9.76835
9.08576
8.53293
9.16369
9.00262
8.7791
8.98764
9.35913
9.18659
9.17337
9.30414
9.52932
9.2801
8.97383
9.40934
8.9372
9.06541
8.9771
8.56335
9.37165
9.23862
8.88824
9.07623
8.8364
9.27619
9.11202
9.24744
8.89885
9.37531
8.4832
9.23432
9.06093
9.30218
9.03871
9.39694
9.44013
9.25749
8.87383
9.03673
9.32475
9.33368
9.05843
8.77374
9.39943
9.37952
9.08848
8.72213
8.92378
9.40206
9.0833
8.64032
9.18931
9.11274
9.0699
9.39905
9.12064
9.28831
8.90517
9.07702
9.12375
9.34875
9.47748
8.61667
9.18621
8.75899
8.91097
9.3898
9.18147
9.05267
9.17046
9.01671
8.96887
9.08761
9.37556
9.10287
9.48281
8.97113
8.89269
9.30458
8.91284
9.04887
8.70611
9.03312
9.32252
9.43752
9.07115
9.003
9.23182
9.06617
9.01811
9.11501
8.9341
9.38627
9.36656
8.62153
9.01851
9.20615
9.39834
9.05937
8.79957
9.12868
9.37685
9.19085
9.056
9.50034
8.84188
9.29803
8.95372
9.11057
8.9105
9.22754
9.20537
8.95063
9.05979
9.25892
9.04049
9.24793
9.47498
8.93655
9.66318
9.26723
9.66323
9.20811
8.77292
9.00159
9.4414
9.21056
9.3297
9.26856
9.0854
8.65141
9.21372
9.13976
9.60608
9.2819
9.39475
9.32048
9.09335
8.76795
8.85337
8.89738
9.04107
9.14151
9.06669
9.06051
8.97458
8.65413
9.44333
9.25286
9.19156
8.96864
8.8138
9.17707
8.89758
9.1909
8.77757
8.74319
9.00177
8.83202
9.4953
9.0179
9.26594
8.95813
8.96456
9.29583
9.34781
9.17817
9.11609
9.48559
9.42701
9.09634
8.78535
9.04857
8.79898
8.85448
8.40918
8.96053
8.79974
9.2248
9.12216
9.23323
9.05405
9.24697
8.64396
8.65007
9.11964
9.15415
8.89151
9.29667
8.80321
9.57953
8.67271
9.43704
9.30313
9.19493
9.46115
9.07845
8.95554
9.3254
9.12031
9.70068
8.87771
9.2116
8.66364
9.50944
8.98332
8.43052
9.18939
8.56116
9.20781
8.8585
8.89971
9.10448
9.28343
8.92769
9.11594
9.25694
9.47206
9.03329
9.4405
8.99116
8.94986
8.73989
9.1268
9.41233
9.18088
9.26224
9.03079
9.00025
8.9665
9.03233
9.51647
8.94678
9.22793
9.00232
8.84913
9.12833
8.81276
8.82497
9.16862
9.19915
9.10632
8.81946
9.06697
9.01821
9.09277
8.73496
9.00639
9.21276
9.21789
9.13158
9.21933
9.02709
8.96399
8.66759
9.41639
9.51992
9.0153
9.08053
9.49423
8.82637
8.79196
8.82778
9.23154
8.83647
9.31621
9.12213
9.39027
9.33545
9.1281
9.25709
9.20352
9.28475
8.9358
8.94953
9.56103
9.08761
8.94569
8.8714
8.86504
9.15435
9.19538
9.18122
8.90974
9.07221
9.1445
9.07145
9.25859
9.19896
9.0386
9.01388
9.44391
9.55782
8.90387
9.23235
9.52166
9.0279
8.90809
9.37426
9.04739
8.96889
9.0203
9.02287
9.22441
8.76898
9.25837
9.18441
9.2577
9.1639
8.59056
9.07739
9.01756
9.03661
8.98487
8.76861
8.84305
9.30234
8.87547
9.483
9.19446
8.72005
9.45208
9.15438
9.2553
9.0967
8.74188
8.78372
9.17436
9.19117
9.07591
9.00352
9.41394
8.98531
9.18104
9.40155
8.89772
9.65121
8.97748
9.28396
8.83941
9.0999
9.18406
9.43557
8.97761
9.2352
8.88654
9.11447
9.69599
8.87942
9.1041
9.15369
9.01083
9.41029
9.13958
9.45815
8.99939
8.94848
9.11959
9.09988
8.83883
9.09535
8.83434
9.39962
8.85695
9.04862
9.17249
9.6177
9.23798
8.94918
9.60105
8.88662
9.13346
9.14878
8.88485
9.16123
9.41681
9.4292
8.80409
9.30627
9.47095
9.00822
9.30989
8.72119
8.69769
9.62604
9.07859
9.11767
9.03062
9.21454
9.23498
9.05769
8.6692
9.45174
8.90064
8.88148
9.03799
9.31983
8.90476
9.29144
9.45933
9.25249
9.19864
8.85122
8.89978
8.82735
9.21118
9.29071
8.89969
9.5296
8.51718
9.41415
9.23367
9.1669
8.73932
9.16389
8.80544
9.12779
9.16206
8.84997
9.13085
9.62506
9.24008
9.15386
9.06769
8.91053
9.64565
8.97697
9.13568
8.9807
8.96251
8.9789
9.12101
9.17121
9.03879
9.39371
9.3561
9.16141
8.95371
9.2146
9.4771
9.49523
9.25998
9.03216
9.10795
9.63854
9.00263
9.30662
9.33158
9.17614
8.59585
9.28946
8.88765
8.61544
8.79433
9.31691
9.33836
9.18761
8.86596
9.10022
8.6679
9.02714
8.52468
8.90614
9.40547
8.98179
9.36277
9.27036
9.0837
9.29994
8.6036
8.93953
9.40151
8.53125
8.88701
8.75876
9.43438
9.31637
8.48599
9.46772
9.21168
9.15891
9.00634
9.33276
8.95704
9.49058
8.73717
8.78432
9.24448
9.30087
9.95895
9.30698
8.83984
8.92072
9.14738
8.97843
9.11636
8.9014
9.38117
9.47933
8.43056
9.0988
9.16019
9.44274
8.95145
9.33785
9.27756
9.01392
8.89843
9.34427
9.18191
9.37064
9.44109
9.32972
9.22318
9.54377
8.92181
8.57225
9.04381
9.09476
9.28107
9.15451
9.04448
9.03273
9.42121
8.67563
8.88925
8.80332
9.29123
9.1387
9.3661
8.99438
9.22158
9.09189
9.29047
9.60687
9.31724
9.39519
8.83043
8.74908
9.31103
9.41008
8.86456
9.69013
9.06818
9.43946
9.35869
8.9087
9.1385
9.32623
8.87798
8.91091
9.28331
9.22687
8.96178
9.36634
8.77385
9.00263
9.08463
9.30301
9.13506
8.70043
9.08195
8.96482
8.92189
8.83396
8.59175
9.08712
9.06604
9.19673
9.16474
9.08026
8.96851
8.83231
9.29436
8.92466
9.29587
9.68747
8.98464
9.25004
9.08418
9.32214
8.53432
8.70418
9.13424
9.22586
9.00486
9.33979
9.51397
9.32232
8.81428
8.79078
9.06167
8.80998
8.71402
9.29308
9.15237
8.96833
8.81199
9.28033
9.02367
9.54132
9.26991
9.12095
8.88457
9.30497
9.04584
9.44775
9.33218
9.26344
9.2123
9.18522
8.95041
9.0614
9.0635
8.6991
9.11555
9.0056
9.06405
9.42194
9.34448
9.06579
9.57108
9.24281
9.12295
9.04041
8.94671
9.24381
9.28319
9.11875
9.29788
9.06337
9.29973
9.34645
9.26902
8.92319
9.20418
8.98931
8.64447
9.53236
8.98453
8.75748
9.29436
9.15312
9.25105
8.88648
9.01338
9.19659
9.00702
9.23779
9.20963
9.16303
8.99544
9.03137
9.19777
9.42175
8.60978
8.6746
9.35381
9.03557
9.09429
9.36639
9.38558
9.12255
8.71704
9.54094
8.94038
9.21605
9.13458
8.84716
9.21183
9.7361
9.18909
9.2585
9.23751
8.93813
9.11476
9.03432
9.13319
8.66792
9.37261
9.15356
8.80851
9.05205
9.27887
9.10564
9.67509
9.24933
9.07658
9.38037
9.46951
8.8716
9.27054
8.95859
9.1631
9.27673
9.31228
9.41297
9.3283
8.94215
8.99634
8.88199
9.30295
9.05968
8.72774
9.18816
9.61549
9.22235
8.95794
9.03648
9.04728
9.47795
9.55809
9.22528
9.20079
9.19566
9.26018
9.36362
9.03578
9.50203
9.06736
8.7715
9.29194
8.84871
9.01542
9.1512
9.32533
9.43471
9.16789
9.48234
9.51432
9.1515
9.22831
8.77627
9.16385
9.583
9.42691
9.23816
9.37977
9.1498
9.30187
9.02573
9.15691
9.15047
9.18521
9.26639
9.22755
8.65055
9.32134
9.75362
8.86288
9.64349
9.48267
9.3752
8.75161
8.8854
8.98743
8.74135
9.28368
9.21255
9.28609
9.06878
9.22116
8.83744
9.34302
8.79493
9.10842
8.73048
8.77409
9.3575
8.63729
8.98263
9.31504
9.03814
9.24462
8.64538
8.87474
8.69854
9.16144
9.05845
9.2576
9.05494
9.34853
8.99633
9.00091
8.93282
9.06111
9.0825
8.8025
9.15402
9.24457
9.15654
9.17967
9.02097
8.84594
9.07092
9.10084
9.46724
8.87963
8.87892
9.07357
9.62628
9.32805
9.2295
9.08005
9.0487
9.18191
8.76157
9.03589
8.94003
8.90109
9.36274
9.08933
8.9898
9.24207
9.05108
9.37495
9.48096
9.38999
9.06354
9.0765
8.82038
9.32419
9.29775
9.28288
8.89407
9.21015
9.48125
8.94638
9.35081
8.84517
8.9397
9.33178
9.15046
9.43521
8.83386
8.8125
9.36061
8.96915
8.76766
8.96365
9.44983
9.48847
8.99657
9.18792
9.36683
9.3188
9.2825
9.12084
9.21445
8.95081
9.10485
9.27018
8.9958
9.17393
9.34501
9.07979
9.20308
8.80901
9.32017
9.19599
8.98452
9.29194
9.34949
9.07603
9.12747
9.30707
8.70269
9.03903
9.03399
8.95277
9.03351
9.16157
9.26686
9.03935
9.15063
9.02043
9.17457
9.03596
8.84051
9.28751
9.22969
8.83052
9.05935
9.36116
9.11497
9.20959
9.43433
9.06636
9.1816
9.07345
9.16367
9.3697
8.99984
9.15672
8.87844
9.21557
8.88637
9.35918
9.05954
9.30137
9.4818
9.04326
8.87333
8.7495
9.50481
9.21143
8.89655
9.1051
9.17492
9.26345
8.99078
9.3807
8.75938
9.61933
8.85284
9.19068
8.80485
9.29177
9.04068
9.36526
9.23079
9.18403
9.37985
9.02008
9.24413
9.16059
9.28817
9.34535
9.0821
9.10448
9.11977
8.99006
8.99472
9.22853
8.99455
9.11104
8.76729
8.90658
9.05953
8.96117
8.92462
8.93494
9.18302
9.14404
8.9663
9.17794
8.76989
9.31016
8.91471
9.09613
9.17132
8.94576
8.99003
9.23217
8.7366
9.2043
9.34664
8.96752
8.73557
9.51779
9.29352
9.28225
9.50567
9.35631
8.96559
9.15669
9.08347
9.42938
8.8952
9.66001
9.60116
8.99648
9.39809
9.45441
9.22095
9.45059
9.47535
9.30547
9.11291
9.49916
8.96538
8.39812
8.71907
8.99371
8.49845
8.98239
9.02614
9.51247
8.84488
9.18805
8.91199
9.17584
9.69047
9.20683
9.14371
9.15766
9.21942
9.2683
9.3637
8.93999
9.33809
9.05853
9.37255
9.17849
9.48334
9.16222
9.22155
9.21456
9.18965
9.21811
8.94311
8.75959
9.2004
8.88012
9.02094
8.95165
9.12683
9.03346
8.92947
9.11558
9.05723
9.0353
8.77108
9.45787
9.00388
9.52253
9.20484
8.8866
9.18659
9.17261
9.30801
8.94884
9.40384
9.03192
9.12675
8.98421
9.19643
9.30408
9.00342
9.43331
8.8653
9.20065
9.58537
8.91535
9.5044
9.17442
8.96183
9.04196
9.3529
9.3089
9.59483
8.91221
9.04952
9.05535
8.56637
8.8257
8.575
9.17783
9.24971
9.02191
8.84722
9.60885
9.46347
9.26315
9.12166
9.1899
8.75541
9.01626
9.23137
8.69856
9.35286
9.42943
8.89221
9.23297
9.24911
8.87542
8.64162
9.0043
9.27328
9.39692
9.30063
8.89085
9.31548
9.01933
8.99075
9.45904
9.05886
9.41977
9.03582
9.13531
9.09926
9.32431
8.99374
9.23045
9.40256
9.07004
9.03216
9.24348
9.09603
8.65477
9.56833
9.06143
8.85895
8.98454
8.84177
9.03399
8.51091
8.76021
9.11325
9.39755
9.25501
9.51811
9.17061
9.23112
9.19958
9.3423
8.97942
8.87428
8.84594
8.99902
9.02454
9.40579
9.63779
9.2191
9.34863
9.10341
8.91849
9.38239
9.43845
9.00999
9.40939
9.05753
9.59251
9.27716
9.08449
8.99723
8.99884
9.37192
9.18519
9.01776
9.01651
9.30343
9.39307
8.79369
8.73317
8.91505
9.0145
9.20447
8.8491
9.2156
9.48442
9.20496
9.23986
9.19446
9.22114
9.51905
9.22143
9.0818
8.91207
9.20256
8.89073
8.89535
8.96196
9.30764
9.20474
9.11686
9.24687
9.16141
8.97681
9.11361
8.90737
9.05417
9.70145
9.33758
8.8141
9.1696
9.39401
9.60099
8.8694
9.24123
8.88318
9.21099
8.86921
9.46279
9.03774
9.42124
8.64266
9.53521
8.92817
8.95864
9.35557
9.28403
9.03887
9.20569
9.15751
8.99778
9.42037
9.33175
9.2652
9.15283
9.26234
8.9311
9.37133
9.45514
9.13082
9.30499
9.01961
9.08483
9.81735
9.32974
9.72347
8.986
9.44699
9.08631
9.73947
9.45168
9.26238
8.88564
8.79883
9.06988
9.09451
9.48528
8.8351
8.88067
9.05972
8.65532
9.20992
8.9716
9.2069
9.00731
8.95961
9.18941
9.08217
9.18215
9.06573
9.38757
9.29905
8.74236
9.06747
9.41083
9.49954
8.82231
8.82687
9.43055
8.8011
9.11687
9.07297
9.43357
8.838
9.07256
8.72924
9.18396
8.90815
8.87281
9.18465
8.65474
8.83664
9.30785
9.04924
9.10811
8.92446
9.15735
9.40626
9.22122
9.06627
9.51926
9.28674
9.39258
9.59648
9.47135
9.1839
9.18803
9.38542
9.43718
9.46882
8.67943
9.24936
8.75038
8.65734
8.96537
9.2305
9.3093
8.8123
9.10851
8.79533
9.01305
9.04283
8.97277
9.06336
8.94336
9.32336
9.43156
9.118
9.18439
9.28985
9.15973
8.9077
9.24867
9.19153
9.05169
9.07236
8.70461
8.71158
9.80154
8.6931
9.03685
9.13564
8.92416
9.40466
9.19433
9.28455
9.53605
9.41369
8.9841
9.02456
9.17794
9.24251
8.99512
9.425
9.13711
9.23802
9.00804
8.94091
9.2746
9.19736
8.95136
8.64476
9.28633
9.04173
9.08175
9.31406
9.18883
8.79485
9.61185
9.19297
8.96597
8.9501
9.27824
9.1886
9.43479
9.56553
9.14044
9.15374
8.90743
9.53729
8.77501
8.88378
9.63727
9.13789
9.37999
9.37696
8.909
8.85632
9.10079
9.38611
8.98325
9.22315
8.86606
9.21955
9.27223
9.3036
9.32627
8.97507
8.81933
9.01355
9.07367
9.4113
9.16237
9.2613
8.84804
8.97974
8.76792
8.83895
9.36621
9.0466
9.01832
8.7436
9.06382
9.01111
9.01515
9.13052
8.8876
9.09058
8.94783
9.0508
8.93351
8.82969
9.49574
8.72348
9.04087
9.10491
8.95074
8.93021
8.63684
9.20313
9.12163
9.28656
9.21228
9.13283
9.23023
9.05763
8.76243
9.2646
9.40896
8.95976
9.28308
9.45124
8.85891
9.06334
9.25026
9.46668
8.64279
9.31805
8.58564
8.84857
9.31966
9.62857
9.18226
9.36745
9.20091
9.0569
9.11767
9.16865
9.00151
9.10082
9.0217
9.05057
9.39801
8.62262
9.26451
9.45288
9.5388
9.22166
9.08367
9.42225
9.00243
9.04287
8.84236
9.17956
8.83494
9.11013
8.95554
9.2552
9.15534
9.02241
8.99002
8.97217
9.22285
9.13815
9.33245
8.93816
9.14275
9.00347
9.03729
9.15569
9.79172
9.23643
9.32243
9.27602
9.22671
9.40134
9.12846
9.50049
9.44041
8.96599
9.23136
9.27549
9.01572
9.37414
9.3436
9.20389
9.02525
9.01433
9.09328
8.88641
8.82012
9.3652
9.21758
9.12927
8.79608
9.4212
9.6176
9.58268
9.36028
8.74788
9.27598
9.47219
9.00174
8.54314
9.65639
9.37575
9.12868
9.15721
9.22077
8.73154
9.02179
9.01467
8.70475
9.01651
9.08795
9.2149
9.32261
9.11475
8.66833
8.90809
9.55494
8.81297
9.16156
9.41698
9.51412
9.22341
9.09674
9.04046
9.22724
9.42099
9.38429
9.11024
8.94389
9.23438
8.94336
9.16009
9.28487
9.21387
9.13723
9.00327
9.37973
9.59503
9.34044
9.24315
9.20717
9.19313
9.17984
8.80887
8.92301
9.24736
8.96776
8.81596
9.15787
9.28625
9.3825
8.945
9.07267
9.24457
9.2416
9.07671
9.51751
9.41287
9.06521
9.35715
9.12767
9.13163
9.13215
9.22696
9.47093
9.21153
9.09116
9.43234
9.10743
9.00904
9.06402
9.19659
9.01009
8.99894
9.05992
9.26822
9.53255
9.08613
9.19638
9.49552
9.3289
8.74739
8.802
9.17312
8.88926
9.28828
9.32013
9.27597
9.31113
9.10473
9.05907
9.34947
8.93219
9.04102
9.37946
8.93717
9.43142
9.0747
9.08603
9.12443
8.74248
8.73227
8.76217
9.38474
9.06155
9.28955
9.47729
9.12968
9.20583
9.3378
9.26347
9.16078
8.77461
8.96618
9.26193
9.34198
9.33146
8.77042
9.20629
8.88992
9.13854
9.42935
9.10107
9.58348
9.3545
9.24254
8.86966
8.97424
8.9496
9.18299
9.31374
9.04407
8.79382
9.06916
9.04005
9.04677
8.69561
9.19638
9.20924
9.18397
9.40711
9.02397
9.3734
9.13658
9.2909
9.19841
9.07631
9.08591
8.82981
9.19531
8.96532
8.94052
8.97176
9.52939
8.59025
9.1935
9.4807
9.33043
8.99839
8.88234
9.09785
9.80982
9.38842
9.28792
8.8752
9.19337
8.44752
8.72286
9.27798
9.27778
9.39026
9.5634
9.29756
8.8727
9.36872
9.37661
9.45325
9.13309
8.96363
9.31161
9.16253
9.40689
9.30595
9.27852
9.6347
9.34518
9.44206
8.96675
9.16418
8.96765
8.91379
9.03134
8.85516
9.00104
9.19777
9.35171
9.4306
9.03472
8.87959
9.17348
8.86321
9.61208
9.07755
8.73661
9.31531
8.65927
9.18032
8.95752
9.20443
9.50737
8.91101
9.3096
8.81859
8.85064
9.14205
9.48928
8.87129
8.8093
9.24224
9.38229
9.05228
8.83943
8.76512
9.47708
9.17671
8.96196
9.4558
9.49048
9.13833
9.17245
9.09572
9.30572
9.04179
9.195
8.87264
9.12132
9.60024
8.92167
9.43728
8.73581
9.08169
9.51721
8.69405
9.0999
8.92077
9.13845
9.58345
8.87346
8.8976
9.40053
9.04474
9.10055
9.78169
9.066
8.78139
9.4724
8.8414
9.42648
8.96663
9.09327
9.08865
9.57477
9.30025
9.02357
8.79562
9.12314
9.10657
8.91042
9.45349
9.03318
9.38809
9.66356
9.18624
8.72949
9.33437
8.95788
9.23002
9.52568
8.21491
9.12626
8.96767
8.73652
9.20056
8.90505
9.37273
9.03261
9.11522
9.22174
9.70259
9.40619
8.89227
8.63799
8.90388
9.51642
9.05536
9.25224
9.34518
9.53161
9.19508
8.5661
8.76388
8.70613
8.83649
8.48935
9.11702
8.9737
9.04893
9.2163
8.7874
9.21941
9.10643
8.87492
9.18123
9.6039
9.92685
9.10939
8.97762
8.87469
9.45209
8.9178
9.21617
9.09938
9.51369
9.23842
9.0318
8.8371
9.48707
8.83445
8.88224
9.09421
8.76041
8.94481
8.89874
8.8388
8.69765
9.14082
9.02256
9.15507
8.91184
9.19652
9.3055
9.02543
9.24788
9.18207
9.01067
9.07214
9.45658
9.14443
9.02432
9.26273
9.46013
8.93084
9.14889
9.35713
9.12128
8.89605
9.23456
9.64758
9.58629
8.8843
8.72712
8.9081
9.14854
9.16218
9.3269
9.19138
8.89105
9.25078
8.77802
9.02002
9.08919
8.65116
9.14025
8.94088
8.85332
8.69181
9.18396
9.11241
8.85522
9.15273
9.51381
9.4505
9.33981
9.71082
9.12595
9.09303
9.13952
9.16045
9.10298
9.05899
9.32568
8.7048
8.8063
9.07994
9.08406
9.16339
9.25717
8.80893
9.18461
9.00183
8.98512
9.12011
9.16549
9.22796
9.06252
9.28255
8.92079
8.80756
9.37113
8.97519
9.07974
9.27501
9.10583
9.06428
9.27982
8.69092
9.14707
8.86858
9.47084
8.98009
9.04404
9.13913
9.4752
9.15275
9.15707
9.08226
9.27161
9.00365
8.83368
9.43881
9.01382
9.06609
9.01653
9.24177
9.28385
8.95719
9.65274
9.24825
9.63929
9.24876
9.19826
9.6885
9.12529
9.58239
9.26575
9.37594
9.24526
9.1609
8.73136
8.47101
9.22568
9.11462
8.89795
9.17157
9.09201
8.87376
9.45733
9.12558
8.96418
9.01605
8.50955
8.8751
8.98922
9.45678
8.75506
8.8529
9.37096
9.10662
8.95042
9.05898
9.11556
9.08727
9.31659
9.34962
9.0702
8.74369
8.98997
9.25671
9.98598
9.12019
9.16931
8.86741
9.19715
9.27492
9.11003
9.44588
9.07633
9.20557
8.8865
9.20884
9.09691
9.08854
9.42568
8.92345
9.28406
9.54223
9.30626
9.19677
9.01527
9.0502
8.99667
8.92264
8.69349
9.42366
9.26558
9.242
9.20872
9.47254
8.94957
9.15237
9.23292
9.07214
8.93191
9.05797
9.51613
9.18452
9.34097
9.48686
9.03303
9.27067
9.08343
8.82252
9.32347
9.10949
9.28643
9.05754
9.07376
8.83134
9.20358
9.39401
9.11303
9.6347
8.95235
9.06774
8.95867
8.97162
8.90728
9.32411
9.45096
9.50535
9.22505
8.84445
9.23638
9.24247
8.6309
8.94151
9.46908
9.39817
9.04777
9.26846
9.23926
9.03528
9.00671
8.91761
9.17407
9.31393
9.213
8.85119
9.49579
8.40275
9.41691
9.10274
9.51902
8.68489
8.8757
9.30959
9.08285
9.36146
9.34742
8.82977
9.02981
9.1518
9.39596
9.4142
9.18734
9.11523
8.89256
9.53148
8.89849
8.89089
9.00576
8.74256
9.29856
8.47704
9.37165
8.71872
8.80421
9.24928
9.16607
8.85998
9.17039
9.30888
9.34431
8.88742
8.55291
9.25899
9.35252
9.25034
9.16009
9.20842
8.97367
8.73125
8.89604
9.27643
9.13917
9.10926
8.77738
9.4056
8.93864
9.29895
9.25221
9.41972
9.19451
9.14249
9.37587
9.14423
8.86879
8.98625
8.71716
9.37022
9.24227
9.43708
9.53667
9.05075
9.02583
9.1017
9.15217
8.98628
8.88312
8.98004
9.52203
8.59328
9.16759
9.36014
9.34096
8.8034
8.96158
9.25209
9.09863
8.91722
8.67333
9.42694
9.02628
8.62807
9.16531
9.42603
8.82645
9.28645
9.63847
9.02635
9.15337
8.99314
9.35142
9.10615
9.45055
9.26793
9.29877
9.67196
9.11914
9.4312
8.88622
9.28298
9.19458
9.04059
9.28595
8.91891
9.19626
9.04814
9.62294
9.04469
9.20009
9.20612
8.94277
8.90592
8.56077
9.344
9.10305
9.42276
9.32403
9.20382
9.305
9.26962
9.25791
8.8749
9.09234
9.20795
9.11711
9.22972
8.99743
9.1461
9.26967
8.87894
8.54172
8.71264
8.71192
9.00103
9.14276
9.13841
9.40219
9.38363
9.01726
8.53202
9.06272
9.28566
8.98982
8.995
9.1238
9.58305
9.25114
9.30143
8.74253
8.96047
9.13859
9.21989
8.89673
9.06486
8.91107
9.46517
8.98234
8.82536
8.94352
9.19566
9.13495
8.88971
8.97065
9.56983
8.93611
8.81157
9.52735
9.08208
9.63316
9.40438
8.81311
9.42646
8.98271
9.18482
9.21931
9.15596
9.1995
9.27653
9.09402
8.95872
9.01314
8.99748
9.21622
9.11224
8.75762
8.87907
8.98944
8.94748
8.8928
9.10197
9.22978
9.4411
9.1589
8.88161
9.35384
9.04829
8.90129
8.78876
8.93819
9.26335
9.23716
8.96291
9.31276
8.77114
8.81893
8.8713
9.04471
9.05305
9.63249
8.76588
9.33748
9.36509
8.67565
9.23184
9.14541
8.75918
9.25653
9.19544
9.00351
9.38125
8.57218
9.403
9.45625
9.20789
9.20092
9.2699
9.32166
9.26651
8.83519
9.07835
9.10141
9.20161
8.90613
9.03762
9.57099
9.24805
8.6567
8.96118
8.8609
9.22621
8.85923
8.7749
9.20798
8.98187
9.22369
8.99996
9.00851
8.72321
9.23462
9.26868
9.50452
9.18214
9.08093
8.81632
8.99085
8.82472
8.96767
9.29835
9.29123
9.06542
8.85425
9.20461
9.02309
8.97933
8.87665
9.46921
9.24654
8.77139
9.51481
9.58541
8.79157
9.40691
9.27718
9.65413
9.32497
9.14137
9.27455
9.03817
9.23335
9.13124
8.70501
9.67516
8.6783
9.38223
8.21845
8.9293
9.27412
9.24908
8.94353
9.41114
8.62094
9.28092
9.1692
8.86074
9.38409
9.00503
9.50521
9.46171
9.27967
9.32191
9.05959
8.97105
9.32183
8.73047
9.1914
8.99731
8.78302
9.04702
9.15733
9.2592
8.82062
8.99068
8.72966
9.23853
9.20725
9.10976
8.8295
8.90935
9.33226
9.35511
9.05583
9.27587
8.63616
9.02681
9.44391
9.01762
9.67215
8.96743
9.29874
9.30409
8.79888
9.0743
8.93473
9.59246
8.91685
8.91178
9.3384
9.09075
9.2706
9.55982
9.20159
8.98511
9.1005
8.9988
8.95897
9.41548
9.28745
9.14319
9.43798
8.90042
9.15744
9.00644
9.44613
9.36692
8.96435
9.46586
9.24613
8.94895
9.55889
9.23408
9.28277
9.41919
9.13476
8.91334
9.23206
9.26636
9.37175
8.95467
9.4255
9.24538
9.29667
8.78302
9.08883
9.04427
9.05246
9.21266
9.12968
9.31812
9.10029
8.67805
9.04324
9.01338
9.39963
8.63752
9.03092
9.0512
8.90882
9.19155
9.05278
8.91791
9.05572
9.48417
8.96146
9.51613
8.83214
9.12692
8.84059
8.99529
9.4312
9.37389
8.99827
9.10141
8.95433
8.98838
9.53192
9.20809
9.09318
9.35706
8.98625
9.18281
9.04808
9.30921
9.20353
9.20757
8.9445
9.15242
8.98363
8.9675
8.96371
8.74812
8.97436
8.71382
9.172
9.01556
9.0669
9.27326
9.13978
9.16055
9.17123
8.9619
9.35892
9.27122
8.93926
9.36653
9.08816
9.22163
9.30995
9.44451
9.32211
9.32373
8.80536
9.12167
8.80869
8.92373
9.3
8.91253
9.17654
9.41918
9.07723
9.09894
8.85833
9.38499
8.74177
9.02802
8.48677
9.25711
9.36823
9.1115
9.35984
9.05496
8.84287
9.32067
9.49012
9.18366
9.30296
9.31624
9.0093
9.00114
9.1253
8.50445
9.55131
9.4002
9.3033
9.03342
9.25708
9.69461
8.97289
9.19311
8.73877
8.83154
8.8952
8.97814
9.11041
9.19582
8.86005
9.01215
9.06723
8.93076
9.00785
9.06004
9.32945
8.67903
9.36023
8.88578
9.16433
9.2388
8.91022
9.28011
9.47872
9.41832
9.43087
9.17177
8.83198
9.33996
8.95554
9.05052
9.35045
8.98518
8.85621
9.18176
9.07362
9.49103
9.03108
9.372
9.10016
8.93146
9.12818
9.29053
8.83675
9.19017
9.31097
9.00245
9.18073
9.20467
9.21567
9.02631
9.27111
9.26252
9.09026
9.28382
9.1044
9.23574
8.7618
9.40878
9.25719
9.50226
8.95601
9.66677
9.11628
9.19814
8.94361
8.91913
9.52952
9.27929
8.9515
9.03272
9.26445
9.19228
9.21726
9.23514
9.62612
9.08179
9.15808
9.20819
9.10432
9.025
9.0636
8.98126
9.14928
9.11512
9.14997
9.3443
9.33536
9.33562
9.46845
9.13067
9.17755
8.67255
9.01524
9.16834
9.37649
9.00876
8.98847
9.32057
9.19696
9.18557
9.13262
9.00104
9.26669
9.25089
9.47928
9.30075
9.25478
9.10982
9.07459
9.0105
8.94585
9.24635
9.18696
8.75424
9.07772
8.98442
8.89283
9.31095
9.16818
9.1602
9.34489
9.52318
8.95708
9.56424
8.90557
9.45339
8.8434
9.34726
9.0545
8.87741
9.15497
9.11709
9.06049
9.14114
8.96314
9.42123
9.30309
9.1618
9.17766
8.69495
9.42247
9.11786
8.89278
9.1717
8.68646
9.02002
9.12649
9.15812
8.71784
9.05661
8.99764
9.00124
9.06906
8.83437
8.74734
8.70046
8.74874
8.87951
9.28871
8.62298
8.95949
9.29182
9.42151
9.13454
8.81211
9.37561
8.98687
9.4735
9.11093
9.13729
9.10774
9.06379
9.32289
8.92193
9.16471
8.9802
9.41781
9.18124
9.0047
9.06387
8.3686
9.02255
8.89582
9.26479
9.06957
9.13655
9.21505
9.05156
9.1057
9.37681
8.70041
9.11961
9.09603
9.3442
9.10708
9.19967
8.81334
9.74983
8.94213
9.36891
9.13752
8.76843
8.7515
9.23971
9.21096
8.84253
9.14308
9.3534
8.79483
8.8522
9.0972
9.14854
9.02085
9.4331
8.83697
8.77791
8.92375
8.96443
9.07513
9.11962
9.1491
9.14873
9.2364
8.95236
9.37174
9.1015
9.08865
9.50555
9.17508
8.92431
9.58561
9.45049
9.27822
9.01073
9.42225
9.17247
9.02657
8.94848
9.04359
8.95842
9.131
8.75554
9.16751
9.06552
9.33283
8.8725
8.73986
9.13205
9.40801
9.12078
9.3325
9.38246
9.16155
9.4163
8.97126
9.5205
8.86193
9.05395
9.0892
8.84287
8.73996
8.96455
9.3181
9.20459
8.68989
8.94206
9.13911
9.11591
9.13607
9.10274
9.14665
9.1469
9.02111
8.97773
8.66769
9.50103
9.05112
8.65725
8.76522
9.39289
8.92981
8.98087
8.97912
9.35952
9.03428
9.10315
9.10076
9.00201
9.24472
9.05705
8.54014
9.2954
9.28798
9.30598
9.26711
9.34452
9.57065
9.33706
8.90538
9.0074
9.39536
8.77139
8.91934
9.27014
8.87616
8.85096
9.78008
9.11465
9.3702
9.05589
9.48216
8.88742
9.06926
9.00687
9.02547
9.01089
9.24395
8.94656
9.02402
9.16309
9.27398
9.17715
8.78641
9.16319
8.36196
8.97388
9.26851
8.88454
9.08968
9.19114
9.09634
9.32062
9.415
9.19025
9.14464
9.29818
9.67944
9.602
9.37099
8.83606
9.04479
9.3943
8.87808
9.03069
9.54707
8.57206
8.98773
9.82026
8.74881
8.65584
8.76556
9.04766
9.36712
9.01709
9.147
8.97215
9.45417
9.15926
8.65321
9.57095
9.01006
9.24009
8.93362
9.22429
8.96832
9.27056
9.37621
9.33892
8.59263
8.95601
9.09316
9.27523
9.33279
8.69845
8.89002
8.98082
8.98293
8.75452
9.16614
8.88716
9.075
9.28045
9.0783
9.02343
9.51012
9.08716
9.12137
9.19653
9.02915
9.03586
9.40885
9.30669
9.28201
9.12816
9.23733
9.07435
9.49765
9.36336
8.92238
8.93937
9.18346
9.26984
8.99828
8.98257
8.85903
9.0558
9.11842
8.9027
9.26604
9.27707
8.75542
9.1926
8.85689
9.33906
9.28642
8.74153
9.03726
8.8017
9.51327
9.22579
8.97406
9.09427
8.86318
9.49534
8.98251
8.76109
8.88124
9.06513
9.11053
9.21652
9.28252
9.05301
8.62787
9.00904
9.49791
8.78894
9.29804
8.98499
8.83139
9.35919
8.95825
9.29182
9.11676
8.85654
8.62842
9.33726
9.26694
9.05479
8.9131
8.78082
9.48906
8.92379
9.48995
9.40958
9.12851
9.65486
9.38131
9.18673
9.33841
9.02329
9.4145
9.19487
9.25218
9.01634
9.32268
8.75367
9.24277
8.98251
8.69231
8.78173
9.3917
9.09804
9.32749
9.08639
9.17898
8.91367
9.18529
9.18714
9.68028
9.26857
9.30728
8.97226
9.02162
9.12051
9.32452
8.91881
8.70058
9.30276
9.04386
9.12056
9.11142
8.50097
9.08103
8.93811
9.37561
8.96237
9.17185
9.1569
8.96331
9.55501
8.97869
9.14006
9.87188
9.13423
9.07165
9.529
9.09876
9.0732
9.09656
9.17035
9.0797
9.09166
9.02734
9.25056
9.10921
9.40764
9.45215
8.90516
9.29929
9.61841
8.89584
8.92289
8.88675
8.79961
8.84859
9.2859
9.03214
9.10448
8.98605
8.87897
9.37673
9.16772
9.12142
9.35982
9.03765
9.00157
8.8215
9.30942
8.97081
9.18826
8.89681
8.87793
9.04527
9.15698
9.15218
9.40204
9.28442
9.1908
9.4106
9.36043
9.13199
9.73653
9.16636
9.1165
9.12248
9.10328
8.70378
9.42356
9.29186
8.87
8.80852
9.17264
9.03059
8.97706
9.22343
9.13297
8.8896
9.34326
9.19373
9.00486
8.81715
9.4809
9.14373
9.07461
9.12525
8.79205
9.46928
9.01334
8.85391
9.25397
8.85506
9.53292
9.19591
9.06363
9.43756
8.79135
9.22189
9.0672
9.13072
8.52075
9.38866
9.02484
8.96564
9.03409
9.23773
8.83502
8.91685
8.98519
9.06647
8.89378
9.44825
9.13898
9.27525
8.7903
8.89991
9.25304
8.70156
9.19645
9.34425
8.64471
9.45819
9.10185
9.37476
9.21313
8.96355
9.07226
9.10786
9.2205
9.21684
8.77229
9.44018
9.16062
8.54225
9.38032
9.1234
9.13594
9.05376
9.31425
8.76972
8.91426
9.34467
8.90735
9.17159
9.81789
9.08033
9.13552
8.75607
9.08268
9.12048
9.08131
9.0998
9.45336
8.98164
9.08612
9.43503
8.77503
9.00763
9.38695
8.58529
8.92059
9.5386
9.09133
8.91749
8.65255
9.1113
9.15744
9.53983
9.22494
8.93389
9.30155
9.21821
9.22419
8.81438
9.21533
9.34194
9.27447
9.17133
9.2471
8.93379
9.19429
9.24929
9.17936
9.04903
9.12961
8.81734
9.29647
9.18532
8.80648
8.82973
8.99179
8.90014
9.25071
9.20399
9.15163
8.78192
9.25706
9.18084
9.03024
9.31647
8.75362
8.80485
9.2464
8.95259
9.03395
8.92583
8.85955
9.2239
9.10297
8.61274
8.94724
8.78013
9.2834
9.04298
8.92828
9.57252
8.50951
9.1042
8.7179
9.1241
8.95703
9.19614
9.12818
9.46588
9.47394
9.1143
9.06161
9.38733
9.34252
9.14271
9.1744
9.00924
8.61002
8.96503
9.05675
9.35767
8.78689
9.36293
8.77363
9.26045
9.22379
8.93024
9.45502
9.19441
8.66755
9.36909
8.89399
9.04107
8.68003
8.61392
9.20745
9.2517
9.20613
9.30737
9.17437
9.0328
9.10754
8.76019
9.26911
9.10914
9.17463
9.44606
9.4213
9.00243
9.13464
9.43321
8.99978
9.04009
8.79526
8.97124
9.3231
8.78267
8.83879
9.17845
9.13101
9.03568
9.54698
9.06007
8.87218
9.00222
9.35344
9.38262
9.18075
9.02053
8.97301
8.90279
8.87063
9.36227
8.84158
9.3267
9.41786
9.08286
8.99946
9.07848
9.19265
8.80248
9.01411
8.90291
9.10418
9.08927
9.24693
9.14796
8.78429
9.39016
9.27529
9.03633
9.29321
8.84145
9.43951
9.18801
9.20463
9.21857
9.27956
9.00694
8.99879
9.03759
9.2344
8.5707
8.9606
9.32424
8.81936
8.94377
9.09887
8.85573
9.26493
9.32228
9.48143
9.17537
8.95144
9.35162
8.98924
9.22579
9.15267
8.9878
8.94083
8.97912
8.87456
9.00592
9.12418
8.84188
9.22286
9.21976
9.15044
9.13262
9.33967
9.06303
9.49301
8.59534
9.00058
9.20276
8.96367
8.92343
8.78076
8.70894
9.03289
9.17459
8.83529
9.33562
8.94389
8.88085
9.01538
9.22848
8.76691
9.02651
9.46859
9.07684
9.23299
9.3696
8.83854
8.88347
9.4706
9.00686
9.07346
9.04397
8.929
9.24197
9.6542
9.3609
9.31686
9.34466
9.02389
8.9491
8.94293
8.94505
9.42123
9.23009
9.07205
8.96492
9.412
9.02904
9.21775
9.11048
9.35393
8.83128
9.01603
9.08245
9.02471
9.48768
9.26799
9.37658
9.25335
8.96062
8.823
9.24327
9.51571
8.94728
9.22159
9.31174
9.34263
9.41472
8.89613
9.09185
9.22269
9.19315
9.66341
8.95557
9.19412
9.41683
8.99194
8.83295
9.30362
9.1923
9.00989
9.23124
9.19697
9.4928
9.36644
8.85073
9.23617
9.60962
9.12559
9.16031
8.96471
9.17692
9.32659
9.13473
8.96941
9.35235
9.22493
9.58445
9.00346
9.66229
9.17452
8.90482
9.37682
9.23422
9.02682
8.87778
9.02119
8.97131
9.26033
9.31351
9.23983
9.05556
9.2635
9.10459
9.33626
9.10912
9.03
8.92969
8.90725
9.13421
8.97903
8.9019
9.19719
8.82929
9.19809
9.33287
8.95473
9.28246
8.8947
8.98702
9.03264
9.1677
9.01615
9.34091
9.52964
8.75036
9.13448
9.40925
9.0591
9.11142
9.32975
8.63695
9.0931
9.11173
8.715
8.81997
8.46441
9.69357
9.04937
8.93889
8.9445
9.17259
8.93785
8.59767
9.04831
9.14724
9.07999
9.20627
9.00752
9.05886
8.91401
9.19319
9.73512
9.19266
9.21159
9.2592
8.57457
8.92199
9.00701
9.08006
9.37962
9.04075
9.32319
9.39664
9.27949
9.41912
9.36942
9.26133
9.15894
9.12819
9.34167
8.93872
9.0539
8.97762
9.42109
8.87774
9.13109
8.93144
8.93628
8.83493
8.92608
9.26547
8.96854
9.32756
9.25653
8.5425
9.30507
9.21735
9.46464
9.29018
9.46276
9.08174
9.44632
9.22679
8.61039
8.65665
9.15882
9.63113
9.27278
9.34301
9.22354
8.96139
9.03141
8.8654
9.22425
8.96399
9.48338
8.85592
9.85068
9.26002
9.06637
9.00326
9.0485
9.21814
9.17094
9.22328
9.39515
9.14282
9.01305
9.16685
8.91671
8.97207
8.84306
9.17633
9.13175
9.36239
9.31701
9.05106
9.31127
8.83329
9.16591
9.40413
9.18569
8.93853
8.99035
9.06441
9.12463
9.44486
9.66058
9.16995
8.89563
8.70235
8.99912
9.12702
8.89594
8.95941
8.59639
9.2065
8.81419
8.85269
8.97768
9.52348
9.04946
9.18839
9.3544
9.26441
8.65879
9.2597
9.65292
9.15766
9.0278
9.17996
9.21963
9.5414
9.243
8.899
9.04936
9.12653
9.18381
9.18704
9.17837
9.07725
9.38842
9.38488
9.22198
9.42542
9.33352
9.36612
8.95938
9.28728
8.822
8.78497
9.30919
9.48132
9.20388
9.72812
9.53966
9.07149
9.15555
9.1012
9.32829
9.01982
8.57864
9.11945
9.33406
9.12732
9.30582
9.35864
9.14765
9.76747
9.1032
9.03761
8.91788
9.34346
9.13837
9.37577
8.93365
9.05993
9.20038
9.71195
9.19241
8.87672
9.39528
9.48884
9.27036
9.41232
9.1268
9.39207
9.18726
8.42743
9.06633
9.31383
8.86936
9.07433
9.62864
9.44424
9.47813
8.73139
8.96835
9.37499
8.97765
9.15566
8.60164
9.19609
9.0778
9.3969
8.96097
9.00164
9.38011
9.36074
9.41294
9.23252
9.0342
9.0095
9.56802
9.14878
9.78151
9.38639
8.90067
9.28236
9.15245
9.22966
9.15813
8.99175
8.57245
9.2641
9.24901
9.26088
8.93134
8.92773
8.99242
8.60382
8.65471
9.17743
8.86387
9.12454
9.24208
9.24704
9.16201
9.39932
9.28154
8.9466
9.36049
9.14242
9.45559
9.18056
8.73399
8.927
9.29544
9.85899
9.19791
8.7727
9.22859
9.69509
8.97996
8.94438
9.13937
8.72443
9.02067
9.1136
9.27276
8.8714
8.97539
9.45772
9.09124
8.80058
8.85096
9.23278
9.33075
9.38679
9.26894
9.06103
9.1946
9.16139
9.13183
9.06966
9.04998
9.0007
8.69436
9.30897
9.25907
8.72896
8.95075
9.3085
8.90663
9.06337
9.24759
9.35701
8.8696
9.31879
9.30792
9.28876
9.24912
9.00831
9.12509
9.05023
9.29664
9.19249
9.06777
9.48684
9.18346
9.58665
8.79016
9.24748
9.43233
9.16128
9.53834
9.10239
8.95639
8.8102
9.08185
9.2667
9.3228
8.92773
8.93121
9.25657
9.00736
9.09593
9.1382
8.79565
9.0131
8.89204
8.63995
9.23296
8.68482
9.05984
8.74397
9.11347
8.80721
9.31933
8.94094
9.19067
9.19344
9.33619
8.875
8.91663
9.29015
9.22658
9.30432
9.55407
8.92787
8.77468
8.93971
9.03039
9.29331
9.0423
9.02175
8.98347
9.16479
9.18896
9.04365
9.61823
9.0321
8.64921
9.18544
9.16911
8.78189
9.40619
8.91626
8.71804
9.15206
9.0417
9.2689
9.05279
9.0496
8.88893
9.21866
9.16356
8.85014
8.81291
9.246
9.06829
9.11411
8.92634
9.32409
9.38726
8.93646
8.61958
9.32031
9.2247
9.06797
9.11968
8.97561
9.09578
8.96992
9.30705
9.10827
9.02186
9.00257
8.93942
8.98435
9.18321
8.71245
8.88968
9.1805
8.66006
9.39382
8.98142
9.14988
9.08813
8.9615
9.47882
8.88493
9.63741
8.84703
9.0759
9.37847
8.9154
9.27673
9.01569
9.34945
9.06571
9.30457
8.84751
9.17629
8.87276
9.54862
8.99573
9.388
8.80036
9.05233
9.04545
9.41202
9.35795
9.05092
9.56152
9.08382
9.10445
9.35941
9.31783
8.61586
9.2186
8.87709
9.44829
8.77562
8.97893
9.49505
9.64122
9.28022
9.36224
9.20899
8.8305
9.01505
9.01577
8.84439
8.9302
9.67143
9.071
9.26099
8.73246
9.04102
9.51968
8.963
9.73368
9.05636
9.48575
9.02873
9.03083
9.37023
9.35873
8.90132
9.07888
8.74023
9.00348
9.27776
8.80854
9.05581
9.26869
9.41652
9.10588
9.38196
8.89042
8.93625
9.17858
9.14065
9.12632
9.09857
9.2474
9.19754
9.31803
8.62429
9.0686
8.91698
9.13139
9.12326
9.15252
9.00317
9.19804
9.33721
9.42071
8.80281
9.3181
9.48101
8.87393
9.40373
8.87416
9.43186
9.34501
8.83757
9.17668
9.11033
9.19466
9.59691
8.77389
8.65505
9.36609
9.29487
9.25297
9.46451
9.09528
9.40246
8.92317
9.10019
9.1725
9.13739
8.826
8.95902
9.10593
8.97081
9.07677
9.33635
9.05411
8.72351
9.209
9.04008
8.85382
9.13025
8.91089
9.15122
9.22545
9.4153
9.16334
9.129
9.31455
9.22062
9.24963
9.17287
9.21365
9.00371
8.98289
8.98174
9.15224
8.97371
8.93343
8.61755
9.29073
9.30181
8.82751
8.74472
9.46305
9.13797
9.09809
8.89446
9.8137
9.0739
9.57624
8.40868
9.45768
9.41856
9.09508
8.45182
9.57858
9.15168
9.6538
8.85759
8.92001
9.31569
9.32051
8.84308
9.29146
9.35216
9.09704
9.42011
9.11846
9.23943
9.10503
9.19626
8.86695
8.84657
9.2254
8.93075
8.88638
9.58827
8.96299
9.01445
8.63799
9.04657
9.08634
9.28183
9.28377
9.21047
9.21747
8.89522
8.92783
8.9777
9.39181
9.07876
9.34973
9.06742
9.56012
9.26387
8.78277
9.16869
9.10553
9.02912
9.04194
9.06085
8.70151
9.38165
9.38532
9.23336
8.66583
9.32502
9.41919
9.14467
8.89937
9.14426
8.59595
9.46258
9.34824
9.12373
9.15931
8.94805
8.57382
9.37858
9.32452
9.27042
9.02334
8.82898
9.11326
8.98677
9.07336
9.07815
9.28077
9.06696
9.28017
9.0544
9.26856
8.91321
9.24431
9.06017
9.12128
8.93866
9.29499
8.94123
9.1324
9.34284
9.32466
8.88519
9.40167
9.16764
9.21397
9.10167
9.60765
8.98392
9.00492
9.22698
9.2012
9.15414
9.38909
9.06624
9.25661
8.78393
8.97306
9.18509
9.12786
8.94981
8.99764
8.95516
9.36582
9.45005
9.17934
9.5897
9.53506
8.55637
9.34185
9.60058
8.97576
9.82813
9.33373
8.86226
9.38957
9.05821
8.65179
8.88309
9.38324
9.15895
9.19239
9.09003
9.15397
8.84303
9.16361
9.28083
8.76661
8.74261
9.04718
9.01878
9.48957
9.2501
8.70161
9.34451
8.95155
9.03318
9.02497
8.56489
9.04873
9.17079
9.02108
8.80118
8.8893
9.40286
9.43768
9.16342
9.38627
8.67195
9.32984
8.92471
9.08013
9.07901
9.3878
8.98808
9.00387
8.90462
9.39342
8.71713
8.89128
9.03034
8.9413
8.58861
9.28416
9.13204
8.99778
9.22622
9.17095
9.17929
9.09717
9.14647
8.85622
8.76019
9.11523
9.12879
9.0363
9.08401
9.29302
8.95609
9.40881
9.31158
9.13868
8.69154
8.85652
8.94754
9.09517
8.85687
8.99816
9.43723
9.41103
9.12811
8.73242
9.14317
9.11865
9.09369
9.55688
9.14027
9.38679
9.05744
9.27704
9.1318
9.12102
9.00783
9.25832
8.9612
8.96693
9.2167
9.0822
8.81322
9.47369
9.39865
9.22563
8.85971
8.97066
9.22435
9.24809
9.16957
9.06181
8.66477
9.14727
9.34636
9.06025
8.6931
9.33633
8.93168
9.37284
8.91046
9.13908
9.14191
8.75144
9.22459
9.43976
9.50211
8.88005
9.23819
9.18525
9.07337
9.01963
8.97212
9.00515
9.05451
9.05702
9.22636
9.40623
9.06263
9.19647
9.34468
8.52321
8.63425
9.28674
9.39626
9.01867
8.98614
8.97866
9.35912
8.8705
9.40441
9.33407
8.80835
9.18374
9.20072
8.96563
9.3598
9.13545
9.14842
8.9427
8.97532
8.79971
9.04112
9.26834
9.00874
9.04601
9.15792
9.03598
9.15819
9.08516
9.23399
8.64101
9.55196
9.24664
9.08319
9.19744
8.60038
8.67673
9.41174
9.27333
9.09567
9.08147
9.41429
9.37394
9.4232
9.07748
9.23806
9.02257
9.50324
8.8129
9.04666
8.86338
9.13804
9.19256
9.02439
9.26575
8.95368
8.70043
9.56176
9.24009
9.29231
8.88413
8.83611
9.23587
8.59813
9.07428
9.05436
8.64004
9.23035
9.06958
9.25037
9.15313
8.92559
9.55791
8.88461
9.0514
8.9989
9.1324
9.07964
8.98863
9.002
9.19759
9.35503
8.94455
8.81836
9.03575
8.91777
9.10263
9.22756
8.84574
9.46966
9.2236
9.32414
8.77921
9.07248
8.83594
8.82952
8.88943
9.1672
9.62645
9.02594
8.86034
9.18368
8.80135
9.29067
9.59027
9.31094
9.2288
9.01651
9.40524
8.69757
9.21917
9.11929
8.6244
9.27435
9.00913
9.17329
8.82048
9.00828
9.24354
9.39041
9.02311
8.80287
9.20793
9.26117
9.08163
9.76301
8.97139
9.41806
9.47294
8.90609
9.20925
9.17728
9.2051
9.39649
9.04935
9.07892
9.19885
9.26233
9.45212
8.94215
9.07713
8.88318
8.83696
9.50305
9.2466
8.77298
9.62299
9.23642
8.91777
9.14902
8.85918
9.51068
9.06217
9.23221
9.00371
9.61562
8.90569
9.49089
9.1388
9.01741
9.20209
9.20402
9.14672
9.15143
9.11325
8.77136
9.29314
9.28661
9.41858
9.25405
9.14131
8.86791
9.01717
8.87175
8.76282
9.29582
9.1437
8.83865
9.77659
8.70115
8.88492
9.23446
9.33227
9.45079
9.24925
9.18532
9.01871
9.31722
9.20744
9.16399
8.76516
9.32131
8.96028
8.72921
9.39588
9.20672
9.16722
8.98758
9.5063
9.09359
9.07249
8.79386
9.22389
8.93917
9.40723
9.11865
9.24661
8.7947
8.93212
9.31956
9.42931
9.22326
8.97467
9.03653
9.43051
9.41836
9.12107
9.32529
9.47774
9.29533
9.37122
9.61049
8.79677
9.21405
9.02942
8.90984
9.25505
9.19645
9.11939
9.4599
8.949
9.11167
8.98012
8.98452
9.44452
8.87053
9.11033
9.12868
8.96528
9.1594
9.05514
8.86004
8.50995
9.01801
9.30089
8.90007
9.00573
9.29587
9.19414
9.22495
9.31301
8.91169
9.34979
9.15358
9.33145
8.8921
9.13896
9.25319
8.88504
9.16864
9.17546
9.15037
9.45866
8.68767
8.7918
9.37695
9.35184
9.21828
9.27034
8.73638
9.2844
9.10121
8.80158
8.84805
8.65897
9.03833
8.78849
9.06516
9.18296
9.15385
9.5293
9.32542
9.31276
9.27134
9.02672
8.96199
9.21043
9.02711
8.92166
9.14929
8.99983
9.22103
8.77119
9.29705
9.32964
8.89794
9.08504
9.29954
9.19456
9.29309
9.50602
9.05774
9.0994
9.13428
9.06852
8.71238
9.02013
8.94304
9.13019
9.30667
8.87921
9.02888
9.11275
9.26333
9.01153
9.10682
8.95703
9.04558
8.90543
9.28344
9.59787
8.75968
9.22637
9.03901
8.8609
9.31427
9.24929
8.87808
9.01695
9.2358
8.70933
8.80975
8.90707
9.55624
8.81447
9.28475
9.04465
9.49003
8.74861
8.81796
9.26661
8.93841
8.92667
9.09857
9.0297
9.55709
9.32114
9.20163
9.25031
9.44938
9.53084
8.80449
9.09174
9.04003
9.00859
8.98826
9.21207
9.15496
9.19593
9.09907
9.22171
9.30645
9.19128
9.12579
9.16161
8.86398
9.10611
8.98207
8.68735
9.29187
9.06889
9.22439
9.09358
9.25168
9.33236
8.65956
9.1964
9.35488
9.18776
9.18138
9.48298
9.32845
9.14215
9.11238
9.39683
8.93259
9.2672
9.25722
9.47002
9.58162
8.9389
8.99856
8.81846
8.96633
9.09732
9.16646
9.31074
9.26507
9.15306
9.0347
9.19276
8.93513
9.01732
9.06138
9.06563
8.63618
9.05629
9.15381
9.32231
9.62326
9.14171
9.51411
9.22244
9.51629
9.53344
9.20712
8.89313
9.65319
8.99107
9.46637
8.88492
8.78844
9.28469
9.12721
9.27629
9.53455
8.99921
9.33296
8.74087
8.99079
9.36049
9.09281
9.31685
9.0322
9.29653
9.34021
9.13679
8.93474
8.87916
8.84818
8.79908
9.12124
9.03672
8.81441
8.80523
9.0083
8.74726
9.13299
8.95811
9.26461
9.17958
9.26914
9.08822
9.03548
9.41934
9.11627
8.91554
9.27439
9.25296
8.96168
9.18276
9.19581
9.27869
9.5111
9.40782
8.64549
8.93248
9.16688
8.60898
9.20352
8.90367
9.11751
8.873
8.69116
8.71112
9.00797
9.47711
8.96912
9.46467
9.15916
9.01457
9.02885
9.45362
9.23651
8.92191
9.08364
9.19881
9.14509
9.56895
9.13639
8.99015
9.00536
9.3041
9.09463
9.07162
9.42054
9.29617
8.99712
9.57859
8.44023
8.88405
9.17742
9.02679
8.88284
9.33583
9.15056
9.27063
9.1005
8.92975
9.11007
9.28566
9.09518
8.80407
8.61273
9.04171
8.92747
9.45261
9.26123
9.43122
9.00637
8.87024
8.97863
9.01692
9.34032
9.07204
8.67801
9.19596
8.96227
8.77176
9.07228
9.20229
9.19968
8.88086
9.24518
8.72685
9.05889
9.17707
9.41829
9.26005
9.28629
9.06828
10.0203
9.03874
9.1655
8.56708
9.04567
9.43515
9.8415
9.52075
8.96469
9.6191
9.23871
8.71981
9.03666
9.09766
8.93183
9.40057
9.0414
9.50103
9.32495
9.32672
9.01946
9.40108
9.19011
9.13091
9.44992
8.95024
9.12803
9.04163
9.11468
8.60212
9.21316
9.41798
8.80077
9.13885
9.22886
8.97239
9.21189
8.72495
9.05791
8.95309
9.02467
8.9806
9.02991
9.12591
9.11062
9.2613
9.22626
9.07732
9.25589
8.91216
9.24403
9.03293
9.07562
9.13792
9.36768
9.23064
9.30028
9.33017
8.8975
9.01017
9.15261
9.28952
9.19008
9.33756
8.99193
9.38729
9.11242
9.03308
8.72103
9.36259
9.48557
9.37891
8.77098
9.00554
9.30177
9.04851
9.07699
8.96692
9.56939
9.13775
9.06869
8.77958
8.71803
8.59153
9.41253
9.16141
8.78805
9.13377
8.93925
9.06804
9.22527
9.20637
8.99917
9.30099
8.94167
8.7251
9.28796
8.87351
8.73197
9.2828
8.81209
9.00591
9.08808
9.28119
9.0086
9.05941
8.64577
8.45734
9.08627
8.90805
9.06595
8.98243
9.20897
9.20967
8.82801
9.4105
9.27327
9.43325
9.371
9.15591
8.99172
8.91868
8.75874
9.19465
8.78058
9.03457
8.93682
9.06828
9.49105
9.60641
9.0321
9.06567
9.23164
8.8801
8.96832
9.11091
9.46118
9.18822
9.10303
9.32573
8.98041
9.16682
9.13003
9.3716
9.37599
9.32405
9.01136
9.32835
9.46205
9.10263
8.52465
8.886
8.66365
8.88985
9.01627
8.52688
9.22758
9.69053
9.20707
8.83024
8.98473
9.22715
9.24284
9.3954
8.89771
8.8012
9.20666
9.08926
9.02172
9.18207
8.53357
8.75883
9.27066
9.36335
9.42137
9.61175
9.29488
8.91856
9.15389
9.38266
9.29235
9.17427
9.371
8.90015
9.11294
9.16841
9.00606
9.04264
9.02318
9.10781
9.19256
9.20837
9.3816
9.20731
9.08553
8.96493
8.99094
9.00353
9.21346
9.39267
9.63731
8.83531
9.24165
8.98069
9.44492
9.51022
9.20636
8.86928
9.11934
9.10518
9.50065
8.84064
8.71447
8.60062
9.22769
9.19869
9.28423
9.07083
9.23636
9.53335
9.32958
9.35382
8.91356
9.21657
9.04081
9.45489
9.00061
9.60108
8.84557
9.57701
8.75849
9.06808
9.46035
8.98259
9.1491
9.23811
8.80472
9.30974
9.42127
8.81999
9.35215
9.24035
8.90962
9.97508
8.98316
9.04247
9.1101
9.40345
9.43523
9.35993
9.30975
9.4596
8.8711
8.74702
9.15067
9.30144
9.10574
9.04738
9.28847
9.15089
8.93973
9.05622
9.24368
9.14714
9.1829
9.05219
9.26108
9.09042
8.72944
9.11306
9.45528
9.10408
8.73496
9.00944
9.21438
8.85021
9.25106
9.04318
8.97668
8.9682
9.40882
8.78419
9.08777
9.54063
8.97698
8.9599
9.29622
9.16226
9.01399
8.89314
9.22655
9.12988
9.40159
8.95397
8.97478
9.17196
8.96991
9.25393
9.04765
9.27206
9.02572
9.01434
8.91743
9.27222
9.27444
8.68766
9.50355
9.22407
9.51173
9.04508
9.15226
9.30124
9.18599
9.35654
9.15639
9.14202
9.26872
9.38677
9.20937
8.88122
9.58383
8.96094
9.14012
9.49915
9.43095
8.94594
9.07105
9.38012
8.83281
8.89512
9.34966
9.06017
8.81433
8.89519
8.98638
9.29234
9.04138
9.48514
9.07364
8.7338
8.96388
9.27642
9.44615
9.41604
9.2944
9.13961
8.93979
9.30132
9.45456
8.98258
9.09389
8.64948
8.8767
9.31162
9.1101
9.29161
9.04378
9.19441
9.17346
9.32927
9.3681
9.04964
8.93417
8.8121
9.09295
8.87373
9.04177
9.09101
8.93956
8.7347
8.71135
8.72531
9.14487
9.05432
9.15827
9.37778
9.20733
9.15651
9.43476
9.07412
8.81453
9.29896
9.12485
8.64618
9.05767
9.30466
9.06916
8.93722
9.1894
9.259
9.44383
8.84235
9.39161
8.56304
9.13234
8.99981
8.86333
8.82157
8.81724
9.28694
9.50594
9.16112
9.24921
8.98098
9.3728
9.00755
9.28136
9.47916
8.78242
8.80862
8.93894
8.52931
8.9433
9.15716
8.89295
9.17997
9.32565
9.20418
9.13499
9.06001
9.21083
9.35996
9.35439
8.93518
8.97424
9.30972
8.70857
8.9464
9.07726
9.12505
9.45416
8.9711
8.75086
8.84366
9.07041
9.15718
9.17095
9.544
8.86251
8.747
8.85117
9.11962
8.89979
9.1336
9.22868
9.64672
9.1322
9.37783
8.9374
9.14763
9.28231
8.78517
8.9173
8.97822
9.31425
9.00538
9.13052
8.99396
9.213
8.7307
9.67443
9.18511
9.06991
9.23823
9.16335
9.06253
9.01093
8.89777
9.30133
8.9518
9.05687
9.03015
9.20774
8.83817
9.35491
9.44717
9.34944
8.72897
9.12547
8.90064
8.94801
9.45635
9.13566
9.12039
8.83485
9.17329
9.47197
9.15194
9.25152
9.70099
9.10408
8.77358
9.34725
9.4044
8.8441
9.23292
9.22413
8.93945
9.35762
9.20057
8.78666
9.26879
9.0044
8.95848
9.00331
9.3394
9.13071
9.45665
8.50413
8.91767
9.14792
9.61421
8.93954
9.21082
9.2523
9.18061
9.17305
9.30596
8.9486
9.22085
8.81754
8.95114
8.73692
8.9649
9.16283
9.11343
8.89296
9.12297
8.88823
9.02494
9.05655
9.35455
9.10505
9.19001
9.14956
8.9438
9.1052
9.3466
9.01911
9.02175
9.22027
8.94588
8.8892
9.51259
8.9553
9.21955
9.31302
9.13899
9.40761
9.5175
9.26805
9.20272
9.0624
8.99145
9.28252
9.60963
9.40046
8.76115
9.27118
9.40804
9.43029
9.36267
9.17739
8.73991
8.94219
9.0353
9.17143
9.07435
8.93221
9.21842
8.86386
8.9097
9.35482
9.11196
8.60113
9.21697
9.33613
9.34674
9.05481
8.8338
9.6286
9.25169
9.05403
9.36007
9.21172
8.97418
8.87616
9.28507
9.30333
9.11447
9.34873
8.58795
9.4163
9.1032
8.97606
9.00612
8.63059
9.38111
9.11605
9.63395
8.93313
8.8586
9.31801
9.40124
9.01382
9.07116
9.76228
9.34226
9.28064
8.60396
8.99906
9.71903
9.46448
9.01204
9.34206
8.80925
8.96181
9.31281
8.63214
9.16167
9.73025
9.2054
9.55329
9.25195
9.43685
9.15954
9.46852
8.99268
9.0238
9.30116
9.00144
9.25101
9.16941
9.24661
9.29165
9.30838
9.053
9.1725
8.81579
8.55651
9.16542
8.84188
9.44155
9.30651
9.16349
9.10284
9.11836
9.42538
9.55144
9.20026
9.29916
8.84304
9.37834
9.03376
9.08965
9.71824
9.19797
9.22427
8.99445
8.95781
9.14624
8.93117
8.51341
9.02719
8.89774
8.94937
8.95703
8.65983
8.9735
9.0381
9.13287
8.92363
9.0731
9.08553
9.32696
8.71762
8.92427
8.9473
9.40069
9.41218
9.29746
8.82642
9.35016
9.08601
9.35972
9.29555
8.99579
9.07609
9.42057
9.23343
8.60244
8.54619
9.2134
9.16042
9.22314
9.4485
9.09624
9.13526
9.41376
9.2293
9.15352
9.21604
9.25923
8.86987
9.22108
9.12229
9.48156
9.07233
9.4558
8.94485
9.35657
9.22277
8.90254
9.37643
9.08588
8.79585
9.0486
8.80865
8.96923
8.91446
9.4691
9.02454
8.71419
9.09256
9.09997
9.1408
8.95764
9.39218
8.93901
9.31888
9.02657
9.0461
8.46899
8.93127
8.83666
9.71997
8.99556
9.20221
8.97491
8.86783
9.04908
9.05392
9.62538
8.88617
8.85829
9.29215
9.16348
8.85793
9.06835
9.32482
9.42798
8.99991
9.14312
9.66702
9.3145
9.27633
8.90651
8.90896
9.25489
9.01733
8.96989
9.15777
9.54649
8.96017
9.13705
8.56398
8.99411
9.22448
9.12731
9.23512
9.25466
9.05121
8.84526
9.06044
8.5052
9.20746
9.42424
8.92905
8.65065
9.22038
9.14358
9.08821
8.97985
8.92283
8.98238
8.99599
9.44123
8.98379
9.0005
8.57142
9.00692
8.87971
9.1144
9.19397
9.24537
9.62383
9.06215
9.46545
9.42226
9.10222
9.41786
8.98011
9.19891
9.19868
9.10113
8.89735
9.18158
9.64659
8.92217
9.42967
8.98077
8.83831
9.04774
9.00151
9.00914
9.66084
9.42219
9.35528
9.38126
9.13847
9.13174
9.40615
9.1161
9.10827
9.0896
8.88522
9.04646
9.06033
8.94281
9.4294
8.80016
8.66089
9.44834
9.0417
8.72383
9.00566
9.03797
9.11698
8.92873
8.9358
8.95687
8.94287
9.24769
9.01201
8.95469
9.04041
8.86724
9.00362
8.73209
8.98896
9.20893
8.82646
8.92745
9.33387
9.0121
8.66322
8.936
9.10895
9.00151
9.24955
9.21556
9.15356
9.37063
8.79609
9.16712
8.92869
9.10419
9.23681
9.20897
9.12992
8.8873
8.93777
9.16421
8.89177
8.92847
9.69714
9.33894
9.11581
8.96015
9.15754
9.37861
9.23776
8.95718
9.23281
9.19846
9.236
9.48436
9.15209
9.54024
9.03261
9.17602
9.34693
9.17669
9.01202
9.53267
9.19027
8.92634
9.10658
8.88626
9.30851
9.09315
9.00871
8.90589
9.24699
9.33879
9.99025
9.05963
8.74535
9.71934
8.8593
9.14342
9.28408
9.35622
9.30163
8.94422
8.82344
9.10487
9.36698
8.97286
9.04819
8.97211
8.7692
9.29592
9.06773
9.27531
9.36114
8.72666
9.59235
9.05327
8.90529
9.10285
9.27609
8.86283
9.09477
9.53594
9.21258
9.03344
9.09277
9.63695
8.98022
9.17201
9.10213
8.7235
9.26121
9.33978
9.18286
9.34036
9.08888
9.32945
9.01243
9.02422
8.91567
8.95852
9.06994
9.08239
9.12402
9.32486
9.21418
9.17345
8.98728
9.37269
9.32093
9.04236
9.84582
9.47649
8.84883
9.15572
8.72296
8.90884
9.33729
8.93087
9.1475
9.18025
9.07483
9.26531
8.77496
9.39171
8.87363
9.27602
9.45786
9.30225
9.47531
8.72333
9.14165
9.13082
9.30515
9.50473
9.78278
9.31928
8.96131
8.86867
9.53734
9.05439
9.2498
9.3553
8.94109
8.72957
8.91074
9.4563
9.45886
9.18259
9.09899
8.74935
8.85545
9.26949
9.08897
9.509
9.06658
9.19996
9.13801
9.33082
9.05001
9.36598
8.93742
8.75059
8.97559
8.91624
9.06489
9.10466
9.09287
9.01043
9.45417
9.50764
9.05616
8.90294
9.43494
9.02011
8.92482
9.0797
9.02473
9.49864
9.2144
9.25539
9.5543
9.28336
8.88946
9.11576
9.34793
9.40646
9.13809
9.23521
9.28782
9.19824
9.09365
9.21559
9.05847
9.03531
9.05865
9.11776
9.1928
8.61322
9.308
8.9705
8.4993
8.83646
9.18544
9.26452
9.27374
9.01309
9.06448
9.13245
9.44485
9.3461
9.03455
8.64753
9.31471
9.57389
9.31683
9.25247
8.75748
9.12599
8.85543
9.16099
8.72756
9.26362
9.24833
9.16222
8.9288
9.0521
9.32693
9.28839
9.24952
8.93983
9.14936
9.38209
9.27255
9.15719
8.08654
9.11414
9.10432
8.66638
8.85952
9.06502
9.05517
8.94788
9.13418
8.84753
9.21236
9.22627
9.3847
8.95751
8.87176
9.00776
9.00006
9.13129
9.06629
9.18802
9.41548
8.91767
8.89768
9.26836
9.16827
9.11628
9.4819
8.87766
9.20702
9.61236
9.17151
9.4193
9.50404
8.96901
9.29074
8.89051
9.32417
9.17691
9.21459
9.44906
9.45367
9.39523
9.22323
9.15739
9.43358
9.1649
9.38065
9.16314
9.16965
9.11944
8.97024
9.0163
9.10434
9.17514
9.47678
9.07431
8.86904
9.37538
8.92405
9.29194
9.3502
9.17644
8.72856
9.36405
9.62791
9.05844
9.30124
9.12998
9.2426
9.22531
8.86191
9.24054
9.35815
9.25062
9.33639
9.0924
8.74506
9.21611
9.58406
9.16207
8.97338
9.15136
9.26195
9.3504
9.7277
9.27195
9.1844
9.4929
9.04934
8.96353
9.20989
9.35302
9.07399
9.30181
8.59295
8.8595
9.26371
9.45264
9.50795
9.15483
9.16976
9.39108
9.26188
9.26922
9.00446
9.36963
9.24206
9.31791
8.61793
9.35696
8.97905
9.10304
9.16487
9.19943
9.27338
9.05717
8.7854
8.87649
8.80984
9.0902
8.71558
9.0396
9.16886
8.9669
9.09361
9.50882
8.98146
9.31184
9.13538
8.95574
9.21944
8.96837
9.13616
8.9592
8.81609
9.19985
9.10317
9.37822
9.26407
9.06074
9.24591
9.05589
9.17441
9.03935
8.93786
9.51189
9.00333
9.1231
8.89358
9.5743
9.40219
9.11991
9.05007
9.35196
8.96123
9.47211
9.21916
9.02635
9.35918
8.86994
8.97905
8.79734
9.60356
9.46746
9.27051
9.11228
9.04307
9.72428
8.9884
9.36388
9.00968
9.15624
9.16838
9.14259
9.22281
9.18107
9.512
8.75059
9.10882
9.56963
9.30277
9.52711
9.25907
9.52645
9.11112
9.06728
9.0317
8.74197
9.28599
9.54302
8.86086
9.24178
9.80427
9.75441
9.41762
9.4152
9.17864
9.31955
9.03135
9.28113
8.82413
9.18706
8.94788
8.92793
9.06106
8.94946
9.18138
9.19477
9.29039
9.23105
9.02353
9.35544
9.50847
9.21321
9.07241
8.85442
8.91379
9.24942
9.13803
9.25164
9.18549
9.25328
9.19824
8.97997
9.25937
8.73489
9.00623
9.11808
9.12735
9.26203
9.15177
9.43046
9.02462
9.07041
8.91671
8.7792
9.21374
9.10166
9.27863
9.66616
9.00879
9.1422
9.67046
9.45071
9.1089
9.24388
9.27305
9.31984
8.95534
9.00514
9.18468
8.80997
9.52219
8.72831
9.02051
9.26763
8.99107
9.3146
9.03324
8.81832
9.27902
9.30515
9.16206
9.37257
8.96371
9.1938
9.3599
8.84321
8.96977
8.97355
9.25873
9.10347
8.81581
8.83556
9.27653
8.77456
8.94801
8.86724
9.20165
9.07422
9.08646
8.91579
9.49237
8.72501
8.82289
9.23653
8.71928
9.09823
9.00195
8.75091
8.62071
9.02279
9.2549
8.94164
9.07787
8.66588
9.46473
9.58714
8.99485
8.97138
9.04499
8.77441
9.07204
9.59485
8.89864
9.17949
9.26077
9.15245
8.79242
9.47185
9.06517
9.11998
9.28129
8.89485
8.95183
9.46465
9.39399
8.87619
8.90634
9.3092
9.52172
9.00433
8.44341
9.37823
9.15986
8.93668
8.71163
9.28056
9.61105
9.14094
8.82298
9.70155
9.24146
9.21789
8.97686
9.23038
9.15286
9.63989
8.89547
8.70878
9.16917
8.95985
8.92312
8.79485
9.09656
9.43882
9.01385
9.81803
8.87642
9.43628
8.96561
9.57173
8.76449
9.2175
9.12958
8.98784
8.7558
8.73363
9.16912
9.21811
9.03116
9.14098
9.52938
9.03454
9.41392
9.23705
8.92242
9.40991
8.76205
9.09562
9.17124
8.99819
9.15102
8.88317
9.35468
9.17521
9.05606
9.09388
9.56117
8.71645
9.25417
9.16865
9.16213
9.0025
9.02918
9.50347
9.1175
9.26795
9.55661
9.27969
9.35149
8.90929
9.04331
9.38812
9.30966
9.14182
9.11772
9.53272
8.69022
9.4699
9.15743
8.77338
9.59425
8.99418
9.18704
9.04294
9.11967
9.14131
9.00682
9.01015
9.20711
9.55036
9.13077
8.94445
8.94681
9.43481
8.96955
9.01102
9.23841
8.74712
9.09697
9.26918
9.19041
8.84905
9.40358
9.22128
9.21009
9.28928
8.87538
9.11133
9.08825
9.01
9.20251
9.03821
9.04212
8.81988
8.93173
8.95151
9.31714
9.0797
8.84321
8.80388
9.20734
8.48834
9.12531
9.21318
9.30543
9.25002
9.23245
8.82691
8.91195
9.11529
9.1572
8.71868
9.43998
9.3547
9.04701
9.62493
9.35288
9.14672
9.15504
9.29312
9.27574
9.47348
8.9052
8.88786
9.62982
9.2018
9.38634
9.06212
9.11365
9.53136
9.05953
8.58584
9.16343
9.14743
8.83009
9.1919
9.19152
8.84535
9.41876
8.9782
9.38691
8.98977
8.99655
8.97928
9.46071
8.92201
9.22977
8.8778
9.23369
9.05946
8.97117
9.07601
9.04766
9.22245
9.31253
8.81215
8.89799
9.20148
8.92664
8.90796
8.91072
9.29719
9.14296
9.15232
9.08047
8.73789
9.00888
9.12129
9.12089
8.97606
9.03327
9.14327
9.12626
8.97352
9.23678
8.99708
8.96715
8.72115
9.16687
8.81655
9.53148
9.1269
9.45351
9.00515
8.92727
9.07525
8.70258
9.53236
8.99514
9.31919
9.01959
9.77437
9.06944
8.87868
9.38273
8.77038
9.13876
8.63798
9.08733
8.97928
9.31866
9.38325
9.31815
8.67506
8.69753
9.09506
9.05457
9.04786
8.90141
8.80021
9.2432
9.50462
8.91178
9.28149
9.61205
9.30447
9.33147
8.93097
9.41482
9.41545
8.79273
9.02994
8.86747
9.36349
9.22374
9.32745
8.66929
9.41274
9.48555
9.19488
8.88788
9.17432
9.40545
9.13605
9.41685
8.88773
9.12312
9.33053
8.88985
9.52122
9.13054
8.63415
8.87904
9.2096
9.32058
9.05202
9.41795
8.88376
9.40371
8.48563
9.19289
9.08471
9.33631
8.97833
9.04824
9.23384
9.08368
9.29988
9.07673
8.79718
9.27686
9.53247
9.30875
8.90943
8.7924
9.07123
8.76317
8.7365
8.8772
9.4692
9.00773
9.27358
8.71205
9.22233
9.39496
9.49951
9.25323
9.48844
8.95114
9.20583
8.99598
8.78049
9.17909
9.31261
9.17147
9.19617
9.0149
8.95638
9.24576
9.43961
8.90552
8.83582
9.35496
8.74453
8.88549
9.49191
9.00329
9.27038
9.14809
9.05312
9.14651
9.44281
8.8043
9.16089
9.05354
9.21548
8.61493
8.8514
8.82445
9.3813
9.23163
8.95396
8.8937
9.22387
8.96525
8.89363
8.70988
9.40139
8.92973
8.71017
9.32641
8.90528
8.79018
9.444
9.30384
8.66111
9.43451
9.57343
9.35304
9.55706
9.37382
9.05639
9.35692
9.2977
9.46197
9.02534
9.35188
9.02486
9.46324
9.41951
9.17365
8.83006
8.9328
9.02209
9.09558
8.96286
9.20027
9.39453
9.15606
8.98712
9.15304
8.70678
9.18569
9.2042
9.09768
9.58728
8.71981
9.12802
9.12044
8.92267
9.30678
9.48212
9.15234
8.71876
8.89315
9.05336
8.88986
8.86415
8.90703
9.26551
9.51061
8.93694
9.51665
9.45946
8.86918
9.52412
8.94219
9.30416
9.36812
8.63235
8.85371
9.05216
9.14832
9.34853
9.39169
9.14556
9.25344
9.08223
9.20693
9.14512
9.35626
8.99401
9.30362
9.16934
8.90276
9.13791
8.97119
9.05782
8.9896
9.44377
9.43101
9.23464
9.33562
8.77293
8.81763
8.88061
9.29617
8.95244
9.26269
9.26776
9.07141
9.16518
9.45117
9.45711
9.05628
9.06376
9.0991
8.88872
8.80209
9.25074
9.16892
8.80493
9.61348
9.43228
8.93647
9.32559
9.26145
8.98458
9.33396
9.07048
8.93106
9.33875
8.54658
9.26964
8.95251
8.58872
9.43903
9.38299
9.15337
9.18453
8.63826
9.0379
9.01269
9.64919
9.17038
9.05404
9.33344
9.09643
8.75855
9.18385
9.31625
9.17311
9.08531
9.09614
9.04742
9.60199
8.87963
8.52936
9.26936
9.00819
9.56096
9.00505
8.94051
8.93944
9.36244
8.67242
9.12775
8.88481
9.01442
9.00393
9.08556
9.3233
9.03313
9.10609
9.04672
8.95328
9.71479
9.35631
9.08598
9.38193
9.2864
9.57932
9.04603
9.39327
8.95725
8.87507
9.35658
9.37284
8.64784
9.01275
8.71738
9.36984
9.61941
9.0941
9.32308
9.07677
8.96872
9.28203
8.95878
9.01296
8.80787
9.58523
9.54146
9.38843
9.40324
8.60139
9.05298
9.73798
9.22151
8.81471
9.28168
9.3968
9.22876
9.19597
9.00471
8.99923
9.13468
8.79805
8.85464
9.03271
8.84053
9.23664
9.38786
9.10778
9.34722
9.29953
8.97799
8.90818
8.9842
8.98455
8.81398
9.15117
9.52723
8.74992
9.4926
9.95017
9.0443
9.27227
9.13755
9.10268
9.44452
9.09341
9.14714
9.05347
9.28724
8.90652
9.14762
8.99829
8.7028
9.432
9.11805
8.69048
9.12144
9.20913
9.42226
9.39774
9.17165
9.24036
8.80467
9.62228
9.53798
8.86713
9.51662
9.35827
9.26174
8.99278
9.35284
8.99047
9.2806
8.82039
9.20677
8.584
9.35539
9.14986
8.9438
8.94523
9.51314
9.57131
9.29832
8.75075
8.94841
9.03831
9.16959
9.50352
9.46757
9.10706
9.03198
9.69558
9.20114
9.09534
9.26242
8.89261
9.28472
8.85318
9.21251
9.00096
9.24721
8.87768
9.41485
9.1847
8.77754
9.40292
9.66106
9.08342
8.99803
8.97664
8.70985
9.15245
8.77462
9.07621
8.66158
8.92556
9.29873
8.84971
9.3672
9.42499
8.88549
9.1251
8.92438
9.20488
9.0485
8.66104
9.16566
9.20872
9.40707
9.04759
9.03371
9.07018
9.19784
9.43329
9.14732
8.97744
9.22982
8.91286
8.4818
9.02379
8.94468
9.2862
9.47714
9.60214
8.8921
9.40367
9.31185
9.18464
9.28398
9.3056
9.55865
8.99835
9.31473
8.7708
9.11922
8.91356
9.19332
8.91823
8.89934
9.11937
9.57802
9.05798
8.74434
8.97747
9.26145
9.373
9.25152
9.48144
8.84757
9.12752
9.17845
8.93004
9.27178
9.15736
9.05074
8.9345
9.22576
9.24416
9.35756
9.27184
9.1033
9.33031
9.23062
9.11588
9.33816
9.09007
8.9848
8.76407
9.21033
9.32377
9.08109
9.1529
8.78958
9.36444
9.61182
9.11371
9.40909
8.87432
9.21005
9.00674
9.31431
9.41291
9.58844
9.30167
9.09526
9.20204
9.19051
9.43799
9.02456
8.6397
9.45577
9.04638
9.46611
8.92597
8.79535
9.32926
8.67515
8.93673
9.50664
9.29499
9.35702
9.10041
9.28295
8.99
9.45601
9.15793
9.02296
9.19828
9.28965
8.75518
8.92341
8.63368
9.01626
8.91019
9.44313
9.06688
9.39709
9.10006
8.87351
9.07126
9.19341
9.14171
9.36864
9.34726
9.09311
9.34896
9.02119
9.55432
9.24412
9.19131
9.63131
8.9271
8.91789
9.05912
9.1781
9.44736
9.29705
9.22731
9.1991
9.20823
9.07413
8.81694
8.85262
9.39282
9.16379
8.80096
9.22982
8.75876
9.13986
9.25586
9.61427
9.23884
9.19826
9.00497
8.73366
9.30103
9.08105
9.13635
8.86752
8.98744
8.95565
9.4618
8.94444
9.10202
8.69933
9.26445
8.99232
9.27148
8.90455
8.87542
9.24044
9.31043
9.4061
9.44183
9.11834
9.42348
9.27325
9.18682
9.04755
8.97519
9.42744
9.27185
8.81612
9.41097
8.84032
9.16712
9.27395
8.85063
9.44109
8.84257
9.21922
9.02569
9.43578
9.11395
8.93248
9.32951
9.38227
9.07771
9.22922
9.09963
9.10572
9.07404
9.26968
9.25688
8.67917
9.14818
9.06771
9.007
9.17028
9.38845
8.9699
9.20591
8.87745
8.90484
9.2646
8.82345
9.8069
8.64548
9.09462
9.24596
8.82072
9.31895
9.14996
9.65685
9.68082
8.84
9.01767
9.32135
9.20569
9.13109
9.13354
8.95269
9.13928
8.99852
8.95295
8.87555
9.19572
9.40276
8.96288
9.52172
9.43967
9.23503
9.18486
9.0696
9.06072
9.44998
9.23455
9.20741
9.34833
9.05772
9.26783
8.60861
8.89068
9.13781
8.73716
9.26763
9.17106
9.12001
9.30545
9.15836
8.82803
9.14152
9.39504
9.57029
9.07896
9.76658
9.25198
9.11145
9.2507
9.15455
8.71391
8.93264
9.29066
9.65532
9.48163
9.01862
9.14451
9.05873
9.15575
9.46802
8.97417
9.25597
9.14462
9.07951
8.97471
9.15177
9.09841
8.83251
8.97441
9.16874
9.33112
9.33132
9.22887
9.23462
9.4111
8.6895
8.88891
8.89739
9.03734
8.91883
9.18698
8.91251
9.20312
9.31745
9.12387
8.81363
8.91912
9.17154
9.25363
9.05998
9.01277
8.91147
9.28443
9.29455
9.06426
9.0262
9.15815
9.26693
9.19874
9.05678
8.85309
9.20978
9.33116
9.18112
9.14773
8.86524
9.51573
9.1149
9.23724
9.51779
9.21024
8.85839
8.49484
9.34046
9.37725
9.43862
8.84809
8.81496
9.39128
8.7953
9.09779
8.87484
8.85919
9.34843
9.10403
9.04162
8.81228
9.01652
9.36728
9.27981
9.53381
8.99102
8.86672
8.95476
9.20917
9.25792
9.02299
9.12015
9.22266
9.42047
8.90817
8.85564
9.50678
9.27742
9.51455
8.72156
9.0615
9.0931
9.29801
9.02512
8.83238
9.32719
9.0751
9.20839
9.03354
9.02737
9.23634
9.56642
8.90814
8.91116
9.10502
9.34838
9.46986
9.23883
8.95356
9.34982
9.23405
8.95799
9.20724
9.63171
9.20792
9.51838
9.25285
9.3336
9.00401
9.02077
9.50224
9.26308
8.89781
9.01097
9.61842
9.23236
9.26579
9.30919
9.54333
9.22126
8.83897
9.14996
9.21263
9.23116
9.20285
8.77642
9.30367
9.15202
9.1975
9.27079
9.1563
9.18121
9.17346
8.60277
9.60898
8.81358
8.72379
9.29773
9.23428
8.72649
9.02179
9.48208
8.65495
8.89663
9.23086
9.11692
9.13971
9.01295
9.06947
8.81465
9.03409
8.76797
9.62041
9.2566
8.80002
9.50223
8.81869
9.04822
9.28336
9.20037
8.95313
9.6261
9.04256
8.9631
8.93871
9.28311
9.14261
8.94059
8.7692
9.03534
9.09043
8.88243
9.59065
9.11327
9.15914
9.05587
9.01928
9.65286
9.35486
9.22339
8.84483
9.12228
9.27442
9.36034
9.18963
8.5608
9.67372
9.24977
9.3695
9.32433
8.60486
9.21338
9.33011
9.23124
9.04874
9.69
9.31641
9.20607
9.19248
9.03126
9.01018
9.03751
8.8864
10.045
9.39175
9.14662
9.27808
9.23621
9.13792
8.68185
9.01038
9.10941
9.43196
9.25083
8.8638
8.93783
9.02483
8.7138
9.00954
9.13585
8.98751
9.08529
9.62565
8.87903
9.17569
9.22646
9.36502
8.81697
8.82923
9.1071
8.91385
9.44588
9.04311
8.77555
9.33297
8.70109
9.42308
9.1274
9.15361
9.78064
9.14501
9.19114
9.34489
8.43219
8.65629
9.04549
9.11106
9.45867
9.20448
9.42245
8.84707
9.55287
9.20482
9.01798
8.53965
9.15292
9.10789
9.11665
9.30566
9.07715
9.09388
9.14881
9.16514
8.85283
8.99087
9.03754
9.63376
9.47272
8.87117
9.14932
9.2696
9.13876
9.26077
8.86675
9.21027
9.4454
9.24914
9.48732
8.85383
9.11585
9.21203
9.30676
9.28493
8.98701
9.08093
8.87577
8.48466
8.9567
8.84833
9.12402
8.62598
9.23198
9.05502
9.15254
9.31388
9.085
9.36975
8.77774
8.87894
9.19072
9.36614
9.05095
9.19802
8.66659
8.64193
9.44387
9.05176
9.36457
8.9907
8.84193
9.13051
8.82017
9.55369
8.90368
8.97754
8.97632
9.11168
9.20429
9.02331
9.08986
9.3921
9.31055
8.75631
9.33992
9.53741
9.21938
8.7628
9.50956
9.40882
9.25538
9.5792
9.18501
9.26794
9.37579
9.30196
9.0435
9.15032
9.14067
9.10451
8.95508
9.35956
9.24326
9.0688
9.35987
8.93085
9.4743
8.97525
8.83364
9.12757
9.35788
8.85221
8.90235
9.19557
9.73468
9.00157
9.22942
9.27194
9.12997
8.76721
9.34658
8.70966
8.72818
9.11737
8.84029
8.63002
8.9061
9.13757
9.27038
9.32497
8.95954
9.39905
9.26798
9.32651
9.40145
9.714
8.89482
9.07927
8.9674
8.98289
9.37834
8.97059
9.24081
8.99162
9.25636
9.30446
8.69303
9.12673
8.64072
9.29797
9.01097
9.33274
9.47238
9.25209
8.9821
8.9011
9.417
9.2407
8.7906
9.59721
9.25798
8.76337
8.79529
8.77107
9.41387
8.93327
8.3532
9.0018
9.34514
8.88463
9.14438
9.09654
9.2905
9.16434
9.29248
9.33881
9.28853
9.23575
8.8167
8.99295
9.42709
9.32786
9.12693
9.34881
9.26161
9.36172
9.1935
9.19483
9.23951
8.96766
8.80235
9.71751
8.49652
9.23146
9.34757
8.96402
9.27418
9.09614
8.78373
9.36781
8.89603
9.17189
9.51582
8.92827
9.33465
9.33374
8.93872
9.07305
9.16134
8.85528
8.82642
8.9811
9.12898
9.06532
9.07672
9.67496
9.59497
9.34354
8.60558
9.37067
9.02488
8.90161
8.80376
9.37703
9.14917
9.23012
8.886
9.01793
8.93123
9.3332
9.61531
8.81289
8.93629
9.05985
9.40863
9.23818
9.19772
9.20765
9.20352
8.74186
8.8442
9.77434
8.60809
9.06235
9.65204
9.31263
9.79699
9.57272
9.4647
8.74787
9.34698
9.43782
8.85207
9.41683
9.32261
9.34505
9.37664
8.92038
9.52028
8.89529
9.01265
9.46929
8.91914
8.7713
9.22459
9.02803
9.24161
9.30208
9.05689
8.79903
8.9977
8.8428
9.28696
9.48544
9.01777
9.388
9.62173
9.13568
8.90901
8.82062
9.32828
9.18917
9.12656
9.34139
8.99536
9.18253
9.44315
8.93401
8.92735
9.30657
8.93796
9.31434
9.02401
8.55459
8.95062
9.10881
8.85528
9.41778
9.02214
9.36722
9.34137
8.83816
9.05627
9.08423
8.94397
9.05326
8.76951
9.10284
9.00472
9.3664
9.26698
9.09097
8.88001
9.2095
9.29368
8.86993
9.47387
9.2824
8.8464
9.31156
8.76639
8.87884
9.2972
9.03294
8.86206
9.00193
8.9019
9.38665
9.60595
9.45145
9.04668
9.00303
9.22241
9.21377
8.84786
9.36006
8.87514
9.32247
8.65083
9.11846
9.004
9.73296
8.91819
8.97224
9.23732
9.33238
9.23173
9.05697
9.21714
8.83822
9.29662
9.22107
8.84481
9.00309
8.74744
9.15247
9.47902
8.99317
9.42677
9.10848
8.86385
9.055
8.51633
9.46084
8.70869
9.37576
8.78499
9.14032
9.44869
8.92096
8.97452
9.06522
9.71246
8.94168
8.72454
8.92121
9.23591
9.15102
8.79745
8.88784
9.40678
8.70581
8.93718
9.22245
9.16891
9.70135
9.12914
9.15773
9.25415
9.16468
9.14053
9.41907
9.14249
9.16336
9.12148
9.47761
8.96203
9.12068
8.94413
9.3142
8.89263
9.2667
9.17916
8.87605
8.78885
9.17115
9.13118
9.04642
8.97446
9.47651
8.76012
9.23384
9.28481
8.88576
8.96572
9.16259
8.70503
8.80474
9.08481
8.99603
9.04982
9.21455
9.0549
9.32744
9.06653
9.50034
9.13991
8.96754
9.33073
9.20823
8.92529
9.1463
8.9763
9.18587
8.9845
9.28648
9.27345
8.62955
8.94142
9.14155
9.29201
9.28167
9.2147
9.14089
9.53034
9.41532
9.21757
9.27166
9.22046
9.07415
9.27007
9.36349
9.04562
9.27002
9.3343
8.86726
8.90817
9.07818
8.79957
8.79736
8.9689
8.72238
9.36703
9.19951
8.97959
9.13973
9.13048
8.90866
9.09894
9.47835
9.16797
8.90104
9.50985
9.34113
8.86536
9.4041
8.93226
9.03394
8.77241
9.16272
9.07129
9.21171
9.18059
8.94951
9.15563
9.21857
9.02373
8.55455
9.0383
8.99451
9.25237
8.98204
9.33122
9.25926
8.67872
9.34068
9.0442
9.13585
8.85856
8.90786
9.14435
9.20073
8.81164
9.07553
8.8328
8.96773
9.01788
9.34793
9.06382
9.62198
9.16459
8.98606
8.89687
9.22999
9.09365
9.14342
9.34354
9.24842
8.99406
9.24221
9.45091
9.02082
8.65414
8.98402
9.11368
8.91828
8.88271
9.3693
9.12932
9.5236
9.26466
9.061
8.8956
9.19771
8.92824
9.1444
8.92536
9.19231
9.20147
9.30666
9.42584
9.22671
9.05267
8.93901
9.33619
9.05596
9.08555
9.36775
9.42338
9.35827
9.17916
8.53121
9.09189
9.00995
9.12228
8.87627
8.84578
8.96167
8.86808
8.77265
9.19014
8.97427
8.9075
8.9069
9.05562
9.15421
8.85546
9.24112
8.95836
8.69826
9.65542
9.67589
8.39591
8.93313
9.07916
8.96581
9.33415
9.18507
8.95219
9.09672
9.48457
9.07001
9.53234
9.19925
9.21735
9.38678
9.51228
9.07671
8.94769
9.28269
9.4359
9.5162
9.50119
8.86956
9.27435
8.68555
8.43412
9.68757
9.13546
9.1066
8.92458
8.91279
9.08543
9.271
9.20132
9.14233
9.01416
9.20774
9.53721
8.84757
9.34474
9.63329
9.57486
9.22202
9.13623
9.78247
8.93078
9.32945
8.86382
9.19566
9.33174
9.0207
8.76747
9.40696
8.83075
8.67355
8.81683
9.17089
9.18173
9.15503
9.7256
9.20069
9.09027
9.67113
9.50399
9.08503
8.70465
9.27032
9.12011
9.34367
9.69469
9.3681
9.54721
9.27922
9.25213
9.38903
9.03605
9.21018
9.02906
9.19091
9.25345
9.22141
9.17684
9.29865
9.49822
9.21702
9.36209
9.14682
8.72408
8.82817
9.11211
8.94165
8.91546
9.14295
9.09911
8.98853
9.19117
9.23199
9.17791
9.05406
9.25911
9.49018
8.76646
8.87549
9.00421
8.91855
9.35853
9.3464
8.86878
8.93354
9.04224
8.80516
9.51946
9.08287
8.94769
9.15001
9.01575
9.11525
9.25878
9.06283
9.36266
9.09183
9.22566
9.50518
9.32306
9.06664
9.37231
9.38739
9.14864
8.73432
9.20368
9.12959
9.03393
9.53627
9.34139
9.54525
8.72597
8.77804
9.54993
9.30614
8.84793
9.17767
9.31619
8.94506
8.95665
9.03435
9.21346
9.2006
8.94863
9.04955
9.24031
9.53033
9.41574
9.49606
9.46386
9.33024
8.9494
9.08132
9.36149
8.97436
8.91196
8.93588
9.18605
8.62789
8.89657
9.25906
8.7896
9.00997
9.44881
9.02626
8.97597
8.86063
9.02519
8.97701
9.16835
9.03638
9.07247
9.05391
9.61802
8.94488
8.51649
9.29458
8.60108
9.33471
9.35757
9.16129
9.24971
9.29517
8.87344
9.05937
8.83409
8.86966
8.93286
9.12107
9.18929
8.94171
9.02472
8.99194
8.92628
9.24957
8.69901
9.14982
8.80175
8.8277
9.2109
9.22819
9.04995
8.80046
9.11949
9.01028
9.19798
9.21434
8.91198
9.05486
9.46565
9.02675
9.1267
9.35341
8.68594
8.98305
9.13653
9.5546
8.95461
9.17599
9.41621
9.04169
9.17656
9.55429
9.04196
8.46044
9.27085
9.25356
9.00077
8.9731
9.1083
8.88985
8.92816
9.5054
8.77488
8.90304
8.68371
9.621
8.87708
9.09224
9.36468
9.55485
9.34341
8.93879
8.91764
9.00279
9.07891
9.17649
9.31975
9.08409
9.32081
9.04514
9.20854
8.94146
8.91983
9.07875
8.71549
9.73532
9.13967
9.12691
9.20776
9.09704
8.64148
9.05438
9.09226
8.65923
9.08527
9.43999
9.03636
8.9424
9.35992
9.20089
9.21005
8.80697
9.30087
9.53748
9.38602
9.48836
9.5711
9.42468
9.23792
9.00929
9.25548
9.30368
9.18187
8.83289
9.29917
9.50373
9.24052
8.97472
8.99232
9.00125
9.38702
9.26395
9.04145
9.01258
9.26722
9.2272
9.01985
9.35572
9.40619
9.30509
9.20972
9.06286
9.34214
9.15974
9.02405
9.2361
9.20395
9.0005
8.8734
9.00944
9.12845
9.32846
9.16816
9.18833
9.30195
9.07245
9.01669
9.11694
8.835
8.9688
9.68705
9.27042
9.38467
9.20648
8.72533
8.70197
8.95432
9.13571
8.94368
9.27207
8.69667
9.36061
9.28105
9.2956
9.08437
9.15292
9.08611
9.141
9.29694
9.28292
8.93939
9.17264
9.1061
9.77584
8.95572
9.08986
9.42788
9.30658
8.76182
9.01219
8.76781
9.79467
9.13981
9.12208
9.43337
8.40193
9.13909
9.31954
9.30683
9.22027
9.40476
9.49346
9.21438
9.18231
8.92773
9.0366
9.35892
8.8721
8.68907
9.36065
9.54198
8.79767
8.55454
9.13058
8.87686
9.38783
8.94295
9.21642
9.12635
9.31025
9.05601
9.33171
9.23636
8.79606
9.06144
8.97428
8.97582
9.17618
8.81404
9.07118
9.50607
9.35465
8.71722
8.73861
9.11646
8.96306
9.15524
9.32737
9.4098
9.0134
9.60231
9.02124
9.17321
9.2329
8.94461
9.08543
9.02372
8.7482
8.66765
8.77001
9.31411
8.87731
8.9816
9.20932
9.33707
9.04737
9.15668
9.32705
9.26927
9.06885
9.48648
8.3958
8.99521
9.13171
9.19142
9.26266
9.27308
9.12299
9.33869
8.89658
9.58362
9.12369
9.13592
9.19714
9.15798
8.38224
9.47163
9.47808
9.13162
9.13174
9.32711
9.26666
9.27642
9.23505
8.77114
8.61722
9.32339
9.42502
9.08741
9.18831
9.07168
9.10085
9.20885
9.1704
8.79858
9.39098
9.19362
9.12826
8.9463
9.17876
9.3826
9.34037
9.20137
9.19971
9.15822
8.78926
9.03092
9.54576
9.14733
9.75885
9.11377
9.18915
8.72219
9.2405
9.16247
9.0611
9.53439
9.29156
9.25982
9.23249
9.05037
8.70233
9.29553
8.9946
9.02717
8.92252
9.15772
8.92039
9.0548
9.12866
8.86535
9.22711
9.31015
9.10907
8.96352
8.75443
8.98937
9.16084
9.3351
9.58481
8.73444
8.9326
8.98209
8.76014
8.98645
9.80956
9.54173
9.43545
8.78969
9.5682
9.23842
9.03259
9.58288
9.28525
8.94941
9.33788
9.35048
8.96398
9.59863
9.41978
8.92799
8.94634
9.27754
9.0209
8.64644
9.35478
9.18726
9.08152
8.64409
9.04592
8.7869
9.01683
9.28983
9.15805
9.31576
8.81638
9.37603
8.88564
9.08879
9.19893
9.60163
9.08589
9.32707
9.12866
9.03064
8.83779
9.17602
9.27289
9.27879
9.10031
9.20783
9.02298
9.06497
8.87195
9.35089
8.97065
9.29821
8.77923
9.06975
8.90691
9.23411
9.07766
8.99036
9.00246
8.97955
8.94056
8.74348
9.19258
8.92468
9.09423
9.30741
9.04848
9.07739
8.94204
8.99455
9.34121
9.37823
9.03174
9.04172
9.46943
8.78341
9.05972
9.54166
9.29401
9.27373
9.0005
9.38667
9.20621
9.21913
9.19229
8.97004
9.07414
9.18392
9.37156
9.21937
9.21909
8.66809
9.16764
9.25462
8.95443
8.97367
9.17872
9.11402
9.0675
9.26151
9.26819
8.837
9.1355
9.13395
9.47123
8.75152
9.24923
9.13414
9.19258
9.2499
8.64906
9.29888
9.46691
8.88068
9.04549
9.13476
8.85577
8.93725
9.16213
9.11361
8.83251
8.95861
9.1715
8.70689
9.18158
9.19078
9.5016
9.14559
9.04683
9.00386
8.94003
9.06442
9.13171
9.28588
9.74566
8.76083
9.20606
9.22237
9.20361
8.83959
9.04666
9.15181
9.31497
8.90896
9.14164
8.81773
9.36901
8.77366
8.781
8.85811
9.00152
9.48664
9.31471
8.87597
9.09265
9.35355
9.08026
9.42023
8.95061
9.10056
9.35887
9.45106
9.11991
9.43556
8.95219
9.57199
9.04064
8.80278
8.8993
8.92957
9.19968
8.89139
8.9717
8.89296
8.78352
8.78284
9.0033
9.31809
9.36257
9.24602
8.97132
8.97742
8.90183
9.13611
9.41745
9.36651
9.36308
8.84831
9.41112
8.94433
9.10408
8.88841
9.47967
9.35831
8.69409
9.30586
9.07016
8.98352
9.40448
9.1307
8.77911
9.19103
9.27434
9.35574
9.14301
9.43152
8.85316
8.64937
9.32293
9.38193
9.09565
8.67494
9.16386
8.80565
8.78881
9.32025
8.87415
8.83374
9.3804
9.24338
9.48956
9.14359
9.35908
9.39546
8.6842
8.51892
9.50571
8.91015
9.64463
9.60377
8.96152
9.34772
9.60319
9.21551
9.00303
8.78255
9.28011
8.82001
8.94694
9.2477
8.97452
9.17556
9.22572
8.97747
8.62597
9.32256
9.15156
9.31043
9.00853
9.13555
9.49024
9.42519
9.11085
8.74118
9.10195
9.40853
9.39944
9.38111
9.08391
9.54295
9.12933
9.28066
9.4493
9.494
9.02677
9.3918
9.18138
9.36595
9.50485
9.48007
9.20455
9.11373
8.5948
8.9579
9.32666
8.65107
9.19556
9.03101
9.41791
8.70365
9.28284
9.18833
9.0277
8.79267
9.38946
8.53462
9.12247
9.27481
9.31636
9.03279
9.26079
9.23276
8.8591
8.70968
9.36211
9.1143
9.3705
8.88522
9.42185
9.66936
8.6337
9.37333
9.15627
8.57401
9.14173
9.00503
9.18427
9.271
8.69117
9.07499
8.96335
8.99611
9.23589
9.15543
9.02684
8.89504
8.87232
8.88881
9.23135
9.18033
9.29944
9.17935
8.8392
9.3768
8.98368
9.20401
9.33827
9.25675
9.40894
9.3117
8.97981
8.83699
9.04923
8.88539
9.34599
9.56092
9.10474
9.00315
9.24761
9.207
9.26122
9.01572
8.55865
8.97587
9.06724
9.34769
9.37322
8.85149
9.29578
9.49027
8.99489
9.06985
8.89259
9.40705
9.05947
9.17641
9.32829
9.35883
8.56492
9.08099
8.84811
8.96476
9.33533
9.3327
9.36165
9.03521
8.96762
9.18349
9.16535
8.82268
9.12154
9.03125
9.33323
9.34932
8.93718
9.02784
9.05227
9.05359
9.06909
9.30445
9.26196
8.51899
9.26405
9.44244
8.89057
9.40612
9.25367
9.02271
9.0664
9.40594
9.40315
9.1214
9.06151
9.54434
8.65235
8.65972
8.72519
9.17616
9.06174
8.94359
9.61502
9.13943
9.04433
8.87388
9.09026
9.08163
9.05818
8.72292
9.26656
8.83517
8.64354
8.85681
9.02443
9.43695
8.89891
9.1659
9.21903
9.47788
9.08805
8.80405
9.05136
9.17423
8.93936
9.36186
9.04292
9.06773
8.7121
9.17388
9.50185
8.88905
9.24016
8.8286
9.02982
9.15884
9.02461
9.17973
9.24246
8.72065
9.25415
9.05848
8.85424
9.50629
9.18567
9.20134
8.78812
9.08607
8.96915
8.99541
9.18529
9.1994
9.25341
8.90813
9.33763
9.2923
9.01453
9.24935
9.24192
9.02958
8.94543
8.70699
9.21233
8.99206
8.9102
9.24923
9.13894
9.35566
9.32539
9.15307
9.05468
9.23867
9.12172
9.11549
8.64259
8.75499
8.88941
8.97209
9.18087
9.16383
9.38875
9.25694
9.5635
9.1882
8.70641
8.83993
9.08508
8.9587
9.38338
8.77586
9.15655
8.77159
9.49568
9.05208
8.84603
9.08172
9.54512
8.88859
9.05354
9.34749
9.57586
8.93847
8.66771
8.55698
9.12901
9.31681
8.9221
8.85188
9.24241
9.13873
9.07073
9.03506
9.43905
9.62528
9.1218
8.80135
9.58164
8.90479
9.14956
9.08369
9.27454
8.8287
9.31224
9.00121
9.3251
8.84809
9.36981
9.32983
9.52652
9.05461
9.0856
9.32268
8.94728
9.07786
8.9923
9.3621
9.13432
9.00745
9.15848
9.48466
9.73096
9.18355
8.91871
9.20248
9.03221
8.89957
9.3025
9.12331
8.78957
9.27853
8.93691
9.09962
8.62517
8.87508
8.91859
8.98175
9.49204
9.26411
9.10973
8.72802
9.22789
9.51933
9.21174
9.254
9.36492
8.97834
8.48814
9.17128
9.22698
8.95956
8.81711
9.57331
8.80381
9.5138
8.85792
9.37542
9.09282
9.34468
9.38811
8.8498
9.67155
9.17576
9.13536
8.97434
9.44047
8.71566
8.92074
8.78803
9.03412
8.7737
9.02637
9.32841
9.49324
9.22633
9.01791
9.08219
9.24708
9.17149
9.65684
8.77144
9.38517
9.50558
9.38978
9.18562
9.36172
9.20393
9.35065
9.62656
8.96009
9.089
9.68843
9.45969
9.22363
9.55217
8.96346
9.48041
9.28247
8.48338
9.66531
9.33894
9.17373
9.26668
9.11499
8.53026
9.22854
8.84343
9.26101
9.55142
9.22063
9.28777
9.38254
9.75632
8.99259
9.40371
9.04524
8.596
9.16681
9.2642
8.97786
9.31082
8.62098
9.1942
8.9196
9.08588
8.80418
9.04031
9.27466
8.92251
9.56739
9.21535
9.50886
9.36079
9.34521
8.85098
9.00418
9.18147
9.18055
9.45477
9.21294
9.02564
9.87004
9.32264
9.43085
8.97161
9.70601
9.17642
8.98915
8.76252
9.01015
9.44197
9.18177
9.02064
9.25473
8.90106
9.09562
8.99311
9.06839
9.43151
8.80821
9.18621
8.59774
9.59963
8.70923
8.89712
8.92557
8.74199
9.25789
9.40556
8.71889
9.68336
8.88258
9.14261
8.83435
9.0623
9.00987
9.23643
9.1394
9.2779
9.32442
8.96119
9.22494
8.64306
9.18305
8.76038
9.44292
8.95469
9.03888
9.44796
8.6724
9.2504
8.86559
8.89264
9.15721
9.01108
9.18406
8.79001
9.09884
8.96965
8.83098
9.00946
9.2968
8.80766
9.22912
9.24409
9.54392
9.06893
9.495
9.91077
9.37894
9.02384
9.24978
9.11879
9.10395
8.69781
8.82246
9.06506
9.16363
9.41017
9.04422
8.95364
9.36162
9.04341
9.03292
9.19659
9.20716
9.05765
9.26362
9.22729
9.37008
9.48223
8.81268
9.35463
9.22906
8.97143
8.98467
8.93864
9.07095
9.17164
8.86115
9.48371
9.32142
9.293
9.14381
9.08327
9.17191
9.26682
9.25556
8.89084
8.99944
8.95598
9.16265
8.88334
9.34487
9.0286
8.75878
8.88034
9.21888
9.02491
9.19212
8.94756
8.94661
8.67864
9.4601
9.00307
9.12882
9.59667
9.04114
9.1402
8.81896
8.73515
8.97658
9.25431
9.29662
8.85461
9.17749
9.63838
9.09092
9.00194
9.14677
9.00421
9.07352
8.59648
8.98133
9.21869
8.53442
9.26014
8.99653
9.27963
9.10667
9.36222
9.291
9.19191
9.51201
9.00736
9.19832
9.24052
9.29648
8.66887
8.97374
9.15645
8.96229
8.98374
8.81218
9.31803
9.44394
9.35474
8.98473
9.18832
9.16116
8.9904
9.45864
9.02125
9.23019
9.13575
9.28461
8.89993
9.14288
9.36033
8.90262
8.94683
9.13018
9.0836
9.34105
8.92451
8.81839
9.55061
8.98867
8.93178
9.38586
8.97791
8.68007
9.26915
8.91836
9.13359
9.22147
8.91074
9.38643
9.5177
9.23613
9.38546
8.975
9.0856
9.17635
9.19525
9.47797
8.8468
9.2201
8.95591
9.73035
9.68331
9.22728
9.31551
9.23302
9.29419
9.14015
9.43453
9.37232
9.02477
9.06799
9.21143
8.63448
9.3104
8.98693
8.93229
9.15457
9.7221
9.22372
8.71412
9.19465
9.36825
9.20044
9.04359
9.00976
9.10097
8.89148
8.7137
9.55279
8.97569
9.55161
9.28852
9.1807
9.24705
9.17521
9.10828
8.93595
8.84902
9.13754
9.16929
9.20351
9.20626
8.97114
9.23831
9.30765
9.32221
9.13162
9.08634
9.46017
9.01986
9.3323
9.04813
9.18653
9.28567
9.16718
8.88887
9.28691
8.82696
8.92167
9.61074
8.99707
9.0831
9.36818
8.70315
9.00621
8.83329
8.94817
8.81738
8.97441
8.94616
8.98976
9.071
8.86736
9.21367
8.85321
9.25717
9.19779
9.15192
8.62427
8.93957
8.76531
8.90367
9.13402
8.86014
9.15684
9.02645
9.34292
8.97047
9.53373
9.60324
8.67763
8.92313
8.92188
9.4103
9.09473
9.45502
9.18673
9.45056
9.16105
9.25004
9.04771
9.08477
8.51794
9.34267
8.71399
9.16812
9.21938
9.10267
8.86284
9.71163
9.07818
8.9054
8.50833
9.20592
9.19528
9.07715
9.70442
8.96276
9.12943
9.04787
8.85162
9.30056
9.18873
9.22448
9.27897
8.7782
9.331
9.19797
8.86913
8.91721
9.31194
9.23557
8.70675
9.34365
9.12212
9.20956
9.2492
8.9266
8.8496
9.08464
8.68239
9.18135
9.22741
9.01968
9.23119
9.08747
9.13162
9.14866
8.97043
9.22315
9.19142
8.87927
9.10962
9.18637
9.4019
8.99111
8.99364
9.36142
9.18565
9.42427
9.1069
9.18227
9.12021
9.36273
9.57917
9.53054
8.98756
8.91749
9.41286
9.05378
9.42833
9.11008
8.89173
8.98009
9.28305
8.8388
9.27127
8.84777
9.00313
9.07033
9.28505
9.51503
9.3452
9.0541
8.9079
9.26323
8.93191
9.14121
9.18379
9.19359
9.27197
9.27603
8.82956
9.20501
9.16952
9.54357
8.94256
9.06076
8.68465
9.16194
8.86279
9.23553
8.64334
9.26097
9.04339
9.2836
8.66931
9.52082
9.14848
8.8821
9.27965
8.98729
9.21278
8.95763
9.40859
9.3306
9.69295
8.98768
8.87097
8.98899
9.0869
9.16115
9.19136
9.47747
9.10497
9.29615
9.2859
8.60592
9.60559
9.03533
9.51431
9.09223
8.86368
9.35115
9.20599
8.9078
9.64724
9.38368
8.8126
9.06359
9.5654
8.6006
9.02814
9.34289
8.95561
9.02108
9.3219
9.09734
9.40558
9.3285
9.11737
9.16454
9.5082
9.12363
8.7565
9.24186
9.10379
9.33873
9.42605
9.07765
8.78384
9.05803
9.09691
9.02992
9.45565
9.32115
9.13039
9.10797
9.09056
9.13653
9.17115
8.99856
9.17887
9.00288
8.94308
9.03883
9.52568
9.13218
9.12271
9.169
9.52684
9.17403
9.12971
9.34642
9.65697
9.30471
9.05149
9.03172
9.35886
9.23644
9.00932
8.94033
9.00924
9.12935
8.86502
9.65829
8.88256
9.32268
8.72165
9.03871
9.37846
8.96355
9.43164
9.05563
9.55368
9.09936
9.29991
9.15357
8.85838
8.79784
9.61795
9.31257
9.02528
9.22034
8.81101
9.56855
8.95859
9.4147
9.223
9.06305
9.18532
8.88711
9.10108
9.37698
8.75909
9.25707
8.86303
9.25543
9.08922
8.44146
9.26168
9.35737
9.07543
8.97608
8.78517
9.05705
8.93207
8.80188
8.97174
9.60115
8.81822
9.29777
9.07712
9.07307
9.20456
9.64713
8.88805
8.9203
9.41561
9.11521
8.84493
8.62598
9.24434
9.46869
9.24841
8.97457
8.78532
8.84854
9.30943
9.17982
9.01057
8.81651
9.11173
9.24036
8.96548
8.74876
9.42606
9.48931
8.83167
9.0103
9.18367
8.70175
9.45696
9.19494
9.24387
9.58303
9.18822
9.05804
8.94136
9.33626
8.85167
8.84923
9.03857
9.25944
8.80155
9.03281
9.11323
8.88397
8.98275
8.96924
9.09942
9.37226
8.92224
8.88108
9.11552
9.10285
8.92357
9.10737
8.98332
9.06162
9.0676
8.96341
9.08019
9.3694
8.64441
9.13608
9.02385
9.04359
9.07589
8.88875
9.00631
8.83518
9.19131
8.81295
9.14495
9.13663
9.3244
9.40569
9.37504
9.04876
9.44735
9.4901
9.16892
9.15316
9.04166
9.49159
9.07244
9.03673
9.38428
9.17445
9.27469
9.34438
9.0186
8.94084
8.70106
9.22726
9.20076
9.30123
8.92085
9.35016
9.22618
8.87377
9.25393
9.28322
8.94456
9.29561
8.97995
