13.2253
13.0742
12.6928
13.0706
13.285
13.0249
12.7274
12.874
12.6149
12.4675
12.6535
13.2147
13.0246
13.0047
12.9109
12.8598
12.7474
13.0955
12.9642
12.9462
12.8703
12.8413
12.758
13.1375
13.0238
13.0105
12.6548
12.6061
13.2906
13.4664
12.8033
13.0702
13.0862
12.9081
12.5954
13.0054
12.9793
12.8149
12.5078
12.9365
13.1985
13.1984
12.9673
12.9764
13.324
12.8691
12.7682
12.8685
12.6653
12.7931
13.0457
12.8717
13.2527
12.92
13.2594
12.9596
12.5958
12.8448
12.6708
13.0191
12.6151
12.8989
13.2389
12.99
13.103
12.897
13.0641
13.1797
13.0512
13.0944
12.9911
12.7173
12.9975
13.1709
12.7819
13.3773
13.006
12.9687
12.7859
12.9448
12.971
12.9291
12.5408
12.4556
12.7457
13.0854
12.5509
12.6945
12.3539
13.1256
12.8588
13.0005
13.1022
13.0206
12.8541
12.7959
13.0739
13.0448
12.9869
12.6841
13.2037
12.6106
12.613
12.9666
12.1829
13.1847
13.1761
12.8798
12.6839
12.7626
12.968
13.1931
13.1143
13.2077
12.3384
12.6001
12.4096
12.7295
12.8997
12.9902
12.7928
12.6625
13.0256
13.1158
13.3341
13.1878
13.2553
12.944
12.7106
12.9902
13.0255
12.7882
12.9509
13.0885
12.5936
12.5535
13.0293
12.9405
12.6854
12.8436
12.8069
13.3436
13.3231
12.9669
13.2877
12.6357
13.1378
12.9549
13.0445
12.6922
13.101
12.7007
12.535
12.611
12.7104
12.671
12.8437
13.2858
12.4585
12.5931
12.6895
12.8322
12.9812
12.7578
12.645
13.1493
12.6345
12.792
13.0416
12.8405
12.7335
12.5978
12.895
13.4675
13.371
12.8808
12.8885
13.3151
13.1097
12.9056
12.8451
12.8374
12.9151
12.9146
12.8635
12.965
12.7243
12.8068
13.1974
12.7325
12.7116
13.0977
12.8526
12.7922
12.8877
12.9587
12.7241
12.7281
12.9797
12.9904
12.9729
13.1125
13.2754
13.3451
13.1135
12.9112
12.5232
13.4147
12.9101
12.7362
12.5507
12.8689
13.0237
13.122
12.6924
12.8613
13.0611
13.1607
12.7533
12.8917
13.0876
12.6879
13.0038
12.8287
12.7173
13.014
12.9604
13.3724
12.4783
12.9955
12.4585
12.7054
12.8416
13.0062
13.235
13.2923
12.9381
13.3452
12.811
12.9239
12.5651
12.7504
12.7634
13.228
12.9467
12.6864
13.1679
12.9635
13.173
13.1562
12.779
12.9498
13.1526
12.7281
13.0179
12.815
12.7984
12.5532
12.9734
12.7458
13.0187
12.7122
12.6075
13.5505
12.9633
13.0147
12.6945
12.7361
12.651
12.8517
13.0152
12.793
12.6678
12.6164
12.8911
13.1306
12.9822
13.2421
12.689
12.6887
12.9164
12.7567
13.3147
12.4124
12.8923
13.6404
12.3632
12.9554
13.0008
13.0128
12.665
12.8228
13.2759
12.7086
12.7555
13.1208
13.1568
12.5344
12.7445
12.8363
13.0578
13.0215
13.3003
12.9333
12.994
13.0598
13.0123
12.709
12.9753
12.7958
12.6645
12.7931
13.1237
13.0718
12.9988
12.706
13.0672
12.8446
12.8976
12.4945
12.6668
12.9249
12.4126
12.3957
12.9359
13.0209
13.0626
13.1825
12.9077
12.8763
12.8419
12.8582
12.7636
13.1344
13.2779
12.7654
12.8998
12.7756
12.6028
13.4288
13.079
12.8209
12.5116
12.9179
13.1184
12.9833
12.9092
12.8141
12.9188
12.2444
13.1493
13.0795
13.0262
13.0367
13.2065
12.8992
12.691
12.8832
12.5385
12.676
12.7181
13.0672
13.2194
13.1211
13.1612
12.9565
12.713
12.6477
13.1616
13.0763
12.9592
12.9783
13.1916
13.2114
13.2966
12.9021
13.1181
13.0745
12.9796
12.9662
12.9914
13.1672
12.917
13.1192
13.2133
13.3745
12.9206
13.2241
12.9472
12.982
13.1871
13.3989
12.8282
12.6947
13.1487
12.88
12.7269
12.9939
12.7618
12.8904
12.7351
12.7782
13.0921
12.9255
12.9758
12.7293
12.7759
12.9531
12.8639
12.9085
12.6838
12.8115
12.9812
13.1104
12.9209
12.6901
13.0677
13.0125
12.791
13.1404
12.9634
12.8745
13.0286
13.1112
12.5513
12.9823
12.9373
12.7628
13.0381
13.608
13.1823
12.8018
12.9017
12.4062
13.122
12.9285
12.9268
12.4255
12.556
12.894
12.5103
13.192
12.3735
12.9082
12.7589
12.7286
12.9643
12.9943
12.8687
12.8293
12.8303
12.9143
12.8067
12.4386
12.9086
13.117
13.2909
13.041
13.033
12.8481
13.0095
12.655
12.7973
12.9884
12.6685
12.9035
13.0332
12.9969
13.1138
12.5891
13.1461
12.7653
12.8827
13.246
12.7915
13.0297
13.1903
12.7283
12.9687
12.822
12.4951
12.7829
12.8541
13.113
12.867
12.7299
12.816
12.6696
13.1567
12.9256
12.2484
12.529
13.0079
13.0077
12.7314
12.8914
13.0394
12.3547
12.5089
12.8502
13.2508
12.8259
12.8433
12.7671
13.2659
12.9141
13.2173
13.0972
12.6252
12.6128
12.7884
12.6967
13.2501
12.9108
13.3379
13.0256
13.0024
13.3562
12.8464
12.9612
12.6988
12.8206
12.9298
12.563
12.9082
13.0226
13.3117
12.4692
13.0477
13.1294
12.8651
12.7364
13.163
12.988
12.8664
13.1066
12.9241
12.9959
13.0839
13.0638
13.3691
13.2256
12.7156
12.5429
13.0218
12.8811
12.5289
12.6276
12.4604
13.1257
12.81
12.5554
12.5263
12.9093
12.7006
12.8001
12.7334
13.1586
13.3214
13.0733
12.7152
12.8872
12.7435
13.0958
12.76
12.8607
12.4742
12.7183
13.0026
12.6323
13.0307
13.0039
12.774
12.6784
12.8476
12.8007
12.5428
12.9256
12.5552
13.0502
12.7615
12.8081
13.2504
13.0966
12.9075
13.3418
12.4946
12.6565
12.9375
12.7478
12.8651
12.8251
13.077
12.993
12.5326
12.8497
12.7052
12.5259
12.5658
13.2147
12.7823
13.2225
12.8086
12.9499
12.816
12.7378
13.121
12.7863
12.986
12.8949
13.0997
13.0952
12.861
12.9843
13.1229
12.7035
12.4273
13.0434
13.0012
12.9176
12.975
12.7651
13.0035
12.6811
12.7891
13.2803
12.9141
12.7014
12.8899
12.7796
12.9009
13.0873
12.8097
13.0697
13.0047
12.9462
12.8757
12.5897
12.9434
12.896
13.1738
12.7844
12.9687
13.2692
13.0088
12.347
13.1501
12.7974
12.8575
13.0881
12.8291
12.9852
12.919
12.5656
12.9787
12.9301
12.8243
12.4976
12.8948
12.9342
12.7839
12.507
12.7966
12.5264
13.1296
12.8013
12.3461
12.8328
13.4738
12.6413
12.6613
12.8604
12.7082
13.307
12.872
12.9251
12.756
12.6975
13.0023
13.1117
12.9198
12.3687
13.099
12.5023
12.9631
13.4481
12.7532
12.7143
12.9851
12.7882
13.0714
13.0489
12.5909
12.8666
13.154
12.7279
13.2249
13.0737
13.04
12.6612
12.806
12.4651
13.342
12.5789
12.9395
13.1837
13.0079
12.9003
12.6025
13.0326
13.45
12.5493
12.9591
12.8621
12.66
13.0736
12.9332
12.5461
12.7299
13.1443
12.7654
12.7594
13.1258
12.607
13.1277
12.816
12.9848
12.7701
12.46
13.5156
13.1502
13.2255
13.0828
12.5784
12.7132
12.5318
12.9059
12.6158
12.6864
12.4937
13.0152
13.1112
13.3291
13.265
12.8884
12.1841
12.4836
12.8185
12.7062
12.9471
12.9626
13.0181
13.0028
12.8383
13.1098
12.7531
12.9366
13.0812
12.8418
12.6995
12.6511
12.8042
13.3117
12.6207
12.6597
13.4099
12.8342
12.7921
13.3514
12.7887
13.1268
13.1203
13.0135
13.0279
12.7036
13.1961
13.2014
13.1221
13.4269
12.6419
13.1506
12.7251
13.0783
13.2083
12.8636
12.6603
13.0789
12.7606
12.926
12.6164
12.8655
12.9381
12.5009
12.5566
12.7427
12.6599
13.0337
12.7999
13.1536
13.2658
12.5702
12.7359
12.7305
12.7
13.0077
12.9982
12.7672
12.8661
12.8279
12.6377
12.7739
12.5177
12.7894
13.2258
12.9722
13.3185
13.0834
13.1143
12.6755
13.6019
12.7273
12.6502
12.9946
13.1379
12.5223
12.9662
12.4471
12.9365
12.9667
12.501
12.6924
12.7346
13.0411
13.2626
12.5353
12.8736
12.7171
12.9432
12.9093
13.0341
13.3419
12.8482
12.9011
13.0512
13.337
13.0754
12.9944
12.5983
13.2321
13.6376
13.1723
13.0586
13.0557
13.5177
13.0241
12.776
12.7096
12.8187
13.3386
12.8388
12.7814
12.7363
12.8812
13.2978
12.584
13.0514
12.7494
12.7401
13.2229
13.3676
13.0127
13.2584
13.1592
13.3125
12.9186
13.2627
12.7012
13.4714
12.4984
12.6545
12.7979
13.5038
12.956
12.8687
12.676
13.2232
13.0446
13.062
13.0334
13.6079
12.8591
12.2294
12.8031
12.7779
13.0577
12.4432
12.8175
12.9594
12.8994
13.1989
13.0494
12.6678
12.7569
12.8738
12.9792
12.8849
13.2598
12.7051
12.9935
12.9211
13.1523
13.2137
12.8317
12.8602
13.1099
12.6487
12.946
13.0187
12.5379
13.2731
13.0046
13.5645
12.8508
12.8851
12.6431
13.2234
13.0409
12.714
12.8189
13.145
12.764
12.853
13.0891
13.0211
12.5353
13.2259
12.9334
12.8913
12.9503
12.9936
12.7682
12.4814
12.9374
12.889
12.5333
12.7905
12.7189
13.0384
12.8673
12.9493
13.2432
12.9148
13.4297
12.7452
13.3983
12.8386
12.9267
13.0595
13.1333
13.1991
12.6944
12.6186
13.2812
13.2147
12.8701
13.0485
12.7701
12.7568
12.8991
13.2271
12.6854
12.9399
13.4758
12.9381
13.1404
12.6102
12.3633
12.9239
12.7681
13.0669
13.0674
13.3824
13.2763
12.83
12.7639
12.5496
12.7132
12.8409
13.1871
12.8353
12.9531
12.7998
12.9492
12.7379
12.8755
13.3672
12.4887
12.9227
13.0699
12.7039
12.887
12.8251
13.032
12.9033
12.7312
13.1086
12.4359
13.3062
12.807
12.7724
12.8509
12.7841
13.2937
12.3702
12.5788
12.3588
12.9709
13.1733
12.8875
12.4483
13.1626
12.994
12.8713
12.7121
12.2298
12.7085
12.8194
12.845
12.9663
12.7108
13.0067
13.0253
12.9981
12.4384
13.0739
12.4238
13.0615
12.4902
12.633
13.1574
12.8431
13.0357
13.3132
13.0036
12.6552
12.6811
12.7194
13.0014
12.7189
12.9622
13.169
12.5733
13.1265
12.5531
13.2355
13.1408
12.5022
13.0365
12.9553
12.6592
12.6772
13.2821
13.2383
13.2046
13.177
12.6041
12.9836
13.0895
12.6003
13.251
12.5453
12.846
12.7151
13.019
12.6663
12.9452
13.0138
13.1052
12.7721
13.1046
12.7844
12.6564
12.9228
12.6993
12.9316
13.0362
12.9683
12.7208
12.7239
12.8609
12.782
12.6
12.6742
13.0261
13.1102
12.9325
13.1282
13.5484
12.6579
13.142
12.8672
12.8146
12.9418
13.2174
12.8541
13.1729
12.9529
12.7704
12.8726
12.882
12.9797
12.6374
12.8528
12.7709
12.8081
13.12
12.4361
13.1678
12.8342
13.2929
12.7683
12.927
13.0489
13.0156
13.0164
13.0268
12.8808
12.9385
12.7156
13.2678
12.9255
13.1407
12.9856
13.0787
12.9688
13.1642
13.1177
12.7146
13.0119
12.9241
13.3705
12.6723
12.6356
13.5044
13.1501
12.5651
12.9003
12.7159
12.802
12.9003
12.8026
12.886
12.6198
12.6882
12.8
13.2008
13.1381
13.0136
12.9287
12.7244
13.0339
13.3137
12.5761
12.7369
13.28
13.1606
13.1497
13.2557
12.8697
13.4368
12.603
13.0798
12.6009
13.2126
12.8384
13.188
13.1545
13.1999
12.6665
12.9609
12.7225
13.3688
13.3085
13.0294
12.5041
12.9606
12.5363
13.2493
12.7183
13.3398
12.9177
12.6124
13.0903
12.7831
13.3038
12.8731
12.6752
12.9499
13.3917
12.5877
13.1638
13.2299
12.7622
13.0608
12.9186
12.6388
13.0782
12.8824
13.0947
12.9414
12.9397
12.7755
13.0715
12.7215
12.6285
12.577
12.8205
12.6947
12.8057
12.5667
12.5918
12.5828
12.46
12.7875
12.8579
13.0105
12.6253
12.7734
13.2609
13.5087
13.0066
12.9563
12.8656
12.9826
12.95
12.7409
13.2679
13.2198
12.3809
12.9163
12.867
12.7119
13.1869
12.9181
12.9796
13.7115
13.0871
12.6644
12.7068
12.7716
12.7127
12.806
12.6028
12.8226
13.0656
12.6617
13.1885
12.5989
13.2763
13.0762
12.873
13.1625
13.0029
12.5729
12.7249
13.0774
12.5725
13.144
12.7476
13.2375
13.0119
12.7852
13.1795
12.6366
12.9341
13.1305
12.9793
12.7245
12.5419
13.1263
12.8647
12.6452
12.7317
12.8212
12.6758
12.3394
12.7242
13.1809
13.1945
13.1086
12.9595
13.2088
12.7869
13.1178
13.5291
13.0749
13.2632
12.6533
12.878
12.8257
12.7377
12.9741
12.7712
13.2609
12.5703
12.9037
12.9828
12.8841
13.1656
12.9484
12.7911
13.0944
12.5139
12.8908
12.8219
12.7604
12.4794
12.951
12.5627
12.9186
13.1319
12.7509
12.7453
12.8615
12.4756
12.8856
12.609
12.9309
12.9368
12.5952
13.0074
13.0689
12.8862
12.6556
12.8142
12.7986
12.9598
12.5135
13.0041
13.0982
13.0006
12.5532
12.3261
12.5415
12.8137
12.7398
13.0764
12.8404
12.7613
13.0852
12.3475
13.0366
12.75
12.8618
13.1258
13.0058
13.0583
13.1167
13.1196
12.9214
12.7249
13.3176
12.7351
13.0035
12.9436
12.8013
12.6381
13.2107
13.2396
12.8326
12.6185
12.7621
13.4223
13.0855
12.9321
13.1249
13.2004
12.9483
12.9379
12.856
12.7481
12.7962
13.0127
13.0918
12.7675
12.9672
13.3874
13.0422
13.0516
12.8202
13.2017
12.7044
12.7291
13.0656
12.5971
12.827
12.7417
12.6909
12.7557
12.458
12.6253
12.5559
13.0627
12.778
12.5945
12.9686
13.2161
12.3957
12.8327
12.2012
12.6598
12.8007
13.1054
13.1159
12.9919
12.9746
12.8498
12.7973
12.5615
12.6549
12.8053
13.1319
12.9259
12.9593
13.0381
12.6937
12.846
12.5797
13.3134
13.2612
12.9277
13.3119
12.9582
12.8489
12.6963
12.6618
13.0917
13.0305
13.6219
13.2055
13.1288
12.7542
12.8472
13.0164
13.2173
12.8106
12.9614
12.7831
12.7358
12.798
12.7901
12.8806
12.9188
13.0024
12.9496
12.9035
13.2025
12.7949
12.988
13.2165
12.9434
13.4096
12.9502
12.7064
13.1329
12.9982
12.3421
12.9274
12.5833
12.8689
12.8173
12.7247
12.7753
12.4617
12.9078
12.8414
13.1433
12.8565
13.3014
12.7721
12.9198
12.692
12.9452
13.0163
13.1393
13.0542
12.8841
13.0981
13.0296
12.9061
13.1992
13.1516
12.6299
12.9751
12.9219
12.9086
13.1477
13.2586
12.8169
12.9854
13.0403
13.1436
12.7203
13.2196
13.1818
13.0081
12.9612
12.9066
12.5874
13.0173
12.7075
12.9994
13.2154
12.8499
12.9351
12.652
13.0898
12.8385
13.3932
12.9435
12.7466
12.9456
13.2227
12.5104
12.9777
12.7059
12.7027
12.6955
12.5239
12.7469
12.7269
13.0947
13.047
13.0542
13.3205
12.6266
12.7193
12.5205
13.2363
12.9756
12.7836
12.7456
12.3479
12.563
13.1667
12.7366
12.8057
13.2433
12.7296
12.8127
13.1865
12.76
12.5215
12.7096
13.0774
12.9903
13.141
13.1225
13.0722
12.8984
12.9979
12.7329
13.0532
13.2668
12.7574
12.5993
13.2077
12.482
12.9342
12.683
13.1207
12.9296
12.764
12.9702
12.9458
13.3967
12.7756
12.78
12.815
12.2625
13.0061
13.0662
13.3982
12.4804
12.7341
12.9477
13.3814
13.014
13.2012
13.0959
12.7326
12.6611
12.8187
12.6555
13.0419
12.7856
12.4127
13.1689
12.9457
13.0903
12.8748
13.17
12.9873
12.8375
13.2187
12.4873
12.7171
13.0697
12.986
12.6771
13.0744
12.5215
13.6769
12.9017
12.5102
12.6859
12.8624
13.1001
13.3141
12.9292
12.8375
12.8494
12.8919
12.8728
13.2307
12.5536
13.1571
12.5941
13.2664
12.9389
12.8687
13.0148
12.9295
13.1694
12.6069
12.9569
13.0779
13.4161
12.889
12.587
12.8952
12.6794
12.7672
12.7765
12.8619
12.8323
12.6435
13.2397
13.0118
12.9896
12.9666
13.017
12.8585
12.9062
12.6128
13.0137
12.6673
13.0162
13.4177
12.8812
13.0286
12.2374
13.1792
12.9293
12.6807
12.8021
12.6327
12.8269
13.2001
12.9528
12.6109
12.8843
12.7681
13.1046
12.9069
12.9227
12.7013
12.4767
12.5522
13.0601
13.2493
12.6065
12.8307
12.7518
12.4648
12.8192
13.0452
12.5252
12.6947
12.8083
12.8881
12.9609
12.7465
13.1001
12.9507
13.0948
12.9179
12.5081
12.9879
13.0837
13.0391
12.9591
13.1338
12.9403
13.0162
13.3262
13.3267
12.937
12.6116
13.137
12.6578
12.8538
12.6623
12.6246
13.0377
12.8453
13.2261
12.9481
13.116
12.9747
12.7156
12.9623
12.7983
12.9743
12.7311
12.7589
12.8238
12.6532
12.8994
13.1849
13.1056
12.3885
12.8599
12.3701
12.5259
12.8381
13.1203
12.7612
12.9292
13.2906
12.975
13.1214
13.1532
12.6993
13.0807
13.0802
13.0119
12.9811
12.9641
12.3763
12.681
13.1358
13.0895
13.2417
12.9916
12.7946
13.7673
12.7993
12.8956
12.8526
13.1281
12.6426
12.7789
13.2064
12.9471
12.7416
12.8066
12.6219
12.5588
13.2074
12.7665
12.8915
12.7776
12.9171
12.9913
12.8894
13.2842
12.8377
12.9762
13.0495
13.1818
13.0253
12.7594
12.9075
12.9361
12.6468
12.7326
13.241
13.0546
12.9698
12.8031
13.0439
12.412
12.6566
12.625
13.058
12.8683
12.7135
12.9365
13.1631
12.6387
13.3137
12.7971
12.9641
12.596
13.0658
12.4587
13.078
13.103
12.6512
12.96
12.8681
12.5962
13.0514
12.6244
13.1226
12.6523
13.0169
12.6061
13.0146
13.1514
12.9945
13.3809
12.7385
12.982
12.8866
13.1008
12.8499
13.3634
12.7932
13.0846
12.737
13.4684
13.1022
12.5279
12.7186
12.8372
12.8727
13.1366
12.7159
12.7388
12.9114
12.5664
13.194
13.5413
12.4919
13.1419
12.5412
13.0324
12.6317
12.6432
13.0294
12.8515
12.7332
12.6785
12.7443
13.0635
12.9244
12.8454
12.5586
12.8104
12.6891
12.5513
13.1487
13.1844
13.4565
12.8659
12.7885
12.9188
13.0319
12.8638
12.8916
12.7168
12.537
12.9263
12.9641
12.8225
13.295
13.4132
13.227
13.0065
12.6731
12.6616
12.8307
12.9936
13.0306
12.6799
12.5797
13.2889
12.8278
12.7581
13.1388
12.6693
12.8959
13.3116
13.0649
12.7525
13.0228
12.9192
13.2704
12.9301
12.8836
13.0842
12.5084
12.3374
12.8713
13.5057
12.9282
13.1898
12.7584
12.7591
12.7603
12.7851
12.7815
13.0677
13.062
12.8059
12.8428
12.8217
13.373
13.3856
12.211
12.7395
13.098
12.1923
12.9295
13.1833
12.865
12.7118
13.0738
12.5135
12.9826
13.3152
12.6261
13.3433
12.7863
12.789
12.8434
12.8978
12.7503
12.9061
12.5078
13.1661
12.8321
12.6965
12.8525
12.9296
12.8792
12.8802
12.8253
13.2483
12.9619
13.0284
12.9173
13.2754
12.6662
13.0298
12.5762
13.0028
12.8375
13.0503
13.1588
12.7609
12.9673
13.1706
12.7417
12.6707
12.9715
12.5716
12.9215
13.0827
13.0668
12.5413
12.5762
12.8328
13.0757
13.113
13.4056
12.8912
13.2987
13.004
13.1124
13.1493
12.3322
12.8607
13.2899
12.8221
12.7425
13.0602
12.8736
13.156
12.9212
12.8297
13.0255
13.3024
13.3129
12.6349
13.0895
12.9136
12.8697
12.6184
12.799
12.9749
12.767
12.8739
13.1668
12.7178
13.1685
12.7847
13.3035
12.9688
12.6561
12.4693
13.0314
12.5578
12.6543
13.3682
12.7636
13.0297
13.0431
12.6989
13.1309
13.1752
13.0668
13.3972
12.931
12.7452
12.5452
13.0554
12.4761
13.1874
13.0263
13.0161
13.2699
12.6773
12.5553
12.8864
12.7791
12.7443
13.2824
12.7556
12.8529
12.8198
12.9904
12.9172
12.8569
13.2607
12.638
12.8599
13.0105
13.2254
12.5243
13.0804
12.86
12.7965
12.6424
12.862
13.0844
13.3817
12.966
12.8577
12.9194
12.6467
12.9274
12.7098
12.7306
12.6242
12.6793
12.6555
13.079
12.9315
12.9456
12.9923
12.7367
13.0865
13.3505
12.8119
13.0458
13.314
12.6766
13.3928
13.0491
12.6521
12.9125
12.7428
12.6817
12.9114
12.4978
13.1118
12.316
12.5592
13.2216
12.8427
12.408
13.1586
13.2011
13.0121
12.948
12.8541
13.2533
12.8099
13.0421
12.5775
12.7798
12.9026
12.6923
12.6953
12.533
12.5162
12.9129
13.0553
13.0563
13.081
12.8368
12.402
12.7327
13.0126
12.6912
12.9051
13.1415
13.2776
12.8945
12.9988
12.583
12.9049
13.366
12.6216
12.9634
13.1629
12.7278
13.1701
12.5564
13.1121
12.9506
12.9115
13.2418
13.2256
12.8246
12.9715
12.8789
12.8419
13.1257
12.9112
12.9772
12.8532
12.9743
12.8578
12.8027
12.927
12.9646
13.06
12.9212
12.7197
12.9268
13.0121
12.7391
12.9172
13.2275
12.5236
12.9146
13.084
13.0004
12.7725
13.0731
12.6525
12.7487
13.2479
12.4968
13.0484
12.9337
12.9128
12.6203
12.9217
13.2561
12.8892
12.5034
12.6596
12.9665
12.5588
12.6883
13.042
12.8087
12.8642
13.2265
12.8043
12.5656
13.0035
12.7387
12.6185
12.5984
12.9733
12.2956
12.643
13.1274
12.9388
12.748
13.0676
13.0335
13.0376
12.7694
13.0574
12.7376
12.9088
12.9103
13.3972
12.9029
13.1338
12.6349
12.9611
13.0257
12.8848
12.8999
12.9922
12.99
12.3957
12.5436
13.0628
12.7972
12.7645
13.1864
13.1117
13.3347
12.6066
13.2176
13.058
13.1777
12.6499
12.8735
13.0432
12.9441
12.8063
12.9466
12.6768
12.4664
13.0116
12.7622
12.9838
13.0625
12.7002
13.2479
12.9487
12.7471
12.608
13.3807
12.5842
12.6842
12.9647
12.5975
13.1065
12.7063
12.8353
12.6448
13.0679
12.6355
12.6312
13.2133
12.946
12.9334
12.9445
12.725
12.5166
12.9527
12.874
13.0767
12.8522
12.943
12.7822
13.264
12.8624
12.9347
13.2678
12.7507
12.8477
12.7052
13.3832
12.9827
12.9525
13.2849
12.6434
12.9341
13.1038
13.1985
13.0565
12.9592
12.9097
13.2677
12.8766
12.8754
12.732
12.7041
12.7855
12.7731
13.2671
12.9567
12.9942
13.1467
13.0773
12.544
13.1715
12.9916
13.139
13.0126
12.8111
13.2102
12.7025
12.8974
12.8354
12.696
12.9237
12.7319
13.0622
12.6309
12.8545
12.4631
12.441
12.8848
12.7273
13.1103
13.019
13.1237
12.6201
12.8344
13.0292
12.9111
12.9251
12.7274
13.0427
13.0704
12.9022
12.9853
12.8591
13.3082
12.8588
12.9276
12.8366
12.6586
13.2521
12.8898
13.0627
12.982
12.7499
12.9929
13.3344
12.5248
12.2207
12.7844
13.0414
12.8682
12.8932
13.5397
12.9604
12.4587
12.8258
13.2741
13.0301
13.0017
12.8009
12.8978
12.7923
12.953
13.1011
13.0559
12.7956
13.1409
12.5212
12.8354
12.7507
13.2052
13.0852
12.7973
12.7568
13.1337
12.9099
12.8151
12.9944
13.0347
12.7731
12.842
13.0364
12.7713
12.7135
13.1336
12.8362
12.8224
12.9899
12.4468
13.1022
12.9547
12.8984
13.2404
12.7337
13.0031
12.8283
13.1446
12.8571
12.7697
13.0235
12.8507
12.7685
13.1648
13.481
12.666
12.8745
13.0395
12.2191
12.8924
12.6443
13.2308
12.7495
12.9858
12.8711
12.9407
12.5788
12.5162
12.3898
13.0342
12.8274
12.5669
12.6842
12.9596
12.9264
13.1998
13.1512
13.0237
12.4706
12.8707
13.0191
12.642
12.6648
13.2986
12.7773
12.4521
12.7173
13.076
12.8155
13.2031
12.984
12.8704
13.0783
12.6705
12.9969
12.7559
12.964
12.801
13.0026
12.5466
13.0317
12.9547
12.9091
12.8925
12.7218
12.7876
12.8154
12.6773
12.8071
12.5973
12.8272
12.895
13.0826
13.1761
12.7758
12.3198
13.1306
12.4805
12.801
13.0995
12.8926
13.3752
12.8362
12.8641
12.7878
13.0426
13.5783
12.545
12.3961
12.9691
12.7188
13.0874
13.1073
12.9919
13.2718
12.9792
13.0282
12.2879
13.1895
12.8418
13.1588
13.2909
12.9721
12.5922
13.3857
12.8656
13.4243
12.8951
12.9184
12.6565
12.8289
12.7317
12.8538
13.0361
12.7142
12.6467
12.7544
12.8869
13.1247
13.0859
12.7124
12.759
12.5047
12.677
12.984
13.1276
12.3625
12.7246
12.8892
13.1062
12.8479
13.1439
13.4572
12.9589
12.7991
13.0138
13.1178
12.6878
13.1422
12.6793
12.7419
13.249
13.0289
12.9971
13.184
12.5715
12.6474
13.2486
12.4741
12.8223
12.6597
12.7982
13.0242
12.9222
13.0136
12.8064
12.5261
13.2941
12.9222
13.0128
13.0807
13.1936
13.0394
13.0351
13.1904
12.911
13.1938
12.7198
12.8284
12.7214
12.4464
12.7895
12.6346
13.0524
12.7889
12.9603
12.4698
12.8258
12.6287
13.1606
12.8672
13.1481
12.934
12.7624
12.4402
12.8731
12.9928
12.8093
12.638
13.0104
12.8151
13.0553
13.0277
13.0103
13.2677
13.3108
12.8527
13.3659
13.1066
12.7264
12.8451
12.8476
12.8581
13.2661
13.0749
12.7073
13.5009
12.8056
13.0782
13.0042
12.7555
12.3338
12.542
13.0002
13.1124
12.4591
12.9337
12.4782
12.9093
12.6668
12.4651
12.7347
12.8369
12.9262
12.6752
13.0758
13.1155
13.1252
12.8179
13.0468
12.5101
12.5792
12.7318
13.0699
12.726
12.9267
12.8784
12.8299
13.085
12.9345
13.3938
12.7699
12.5288
12.6321
13.2348
12.9635
12.7788
13.305
13.1032
12.8696
12.8493
12.8678
12.3153
12.5427
12.7158
12.3965
12.9029
12.9224
12.4993
13
13.0166
12.9018
13.1494
12.9013
13.1024
13.027
12.8638
12.6899
12.8703
12.9158
12.556
12.9613
12.8619
12.9813
12.7149
12.693
12.4422
13.2101
13.0899
13.1421
13.0442
13.0021
12.9732
12.5254
13.1603
12.8876
12.816
12.8992
13.0894
13.1748
12.8346
12.852
12.7707
12.6157
12.907
12.7839
13.0017
13.0335
12.7101
13.3245
13.248
13.0303
12.926
12.9581
13.1192
13.0982
12.9729
12.6144
12.9307
12.9312
12.6866
12.9357
13.3777
12.6047
12.8922
12.9301
12.3693
12.9733
13.2254
12.7378
12.8243
12.7434
12.7846
12.736
13.011
13.2037
13.1728
12.9187
12.7107
13.0588
12.9472
13.4019
12.907
12.4615
12.4417
12.6919
13.3773
13.2981
13.0308
12.9199
13.0817
13.2143
13.1696
12.7345
12.7412
12.9406
12.5973
12.9148
12.5714
12.9705
12.9083
13.0218
13.0396
12.9175
13.3049
12.4855
13.0817
12.5667
12.8104
12.7932
12.2726
12.6508
12.3718
12.821
12.9587
13.0545
12.6229
13.045
13.0564
12.962
12.8903
13.0201
12.6647
13.346
12.9231
12.8391
12.6684
12.8128
13.1434
13.1317
13.3384
12.3666
13.0903
12.9348
12.688
12.9116
12.984
12.7516
12.77
13.0897
12.9124
12.7142
12.3963
12.867
13.1235
13.3317
13.2481
13.3502
13.0055
12.9393
12.7583
12.7
13.1436
12.7882
13.0838
13.2883
12.6098
12.7294
12.7096
12.8168
13.0469
12.8568
13.0993
13.1208
12.8062
12.9238
12.8725
13.0138
13.1955
12.7538
13.1008
13.1282
12.8427
12.7577
12.9509
12.847
12.7286
12.8293
12.6963
13.1306
13.1008
13.0286
13.102
12.701
12.8764
12.9537
13.3612
12.8004
13.1348
12.6939
13.1455
12.8097
12.8427
13.3106
13.264
12.5288
12.8484
12.7996
12.9616
13.3613
12.8865
12.8169
13.5398
13.1544
13.1831
12.7405
12.4401
12.9275
12.6165
13.3419
12.8847
13.2468
13.3007
12.8415
12.8255
13.11
12.3775
12.7989
13.2417
13.3725
12.58
12.9635
12.9339
12.9634
12.9089
12.7275
12.848
13.2827
12.9995
12.9882
13.4984
13.0176
12.4573
12.765
12.6614
12.9204
13.0274
12.8832
13.0706
12.892
12.5851
12.4939
12.7794
13.3022
13.037
12.9952
12.7442
12.3476
13.261
12.9921
12.9626
12.884
13.1452
12.874
13.0807
12.1183
13.0595
13.1434
12.806
13.1063
12.9639
12.9298
13.2107
12.7788
12.9311
12.7725
13.0646
12.5271
13.0847
12.8603
13.1069
12.8022
13.23
12.7344
12.4611
13.1395
12.9161
13.0651
13.0104
12.7527
12.9419
12.5644
12.6982
12.9317
13.025
12.6889
13.2716
12.6537
12.7143
12.4415
12.8915
13.1414
13.0319
13.2439
13.0884
12.9447
13.0114
13.2612
13.0635
12.6565
13.3477
13.0273
12.9276
12.5956
12.883
12.9074
13.2554
12.3917
12.6413
13.1469
13.0022
12.9116
12.4398
13.3753
12.8432
12.8629
13.0747
13.0828
12.8436
13.1298
13.0765
12.7112
12.932
13.3227
12.6512
12.8502
12.7418
12.4434
12.743
12.9554
13.301
12.9134
12.3612
12.9586
12.94
13.0505
13.1015
13.1372
12.732
12.8222
12.5348
13.0109
13.03
13.0484
12.9296
12.8077
12.5972
13.0003
12.5027
12.9208
13.1284
12.9543
12.8316
12.4791
12.7377
12.9448
12.9751
12.9934
13.0476
12.6722
12.9908
12.7876
12.8313
12.8354
12.3572
12.8479
13.0655
13.0205
13.043
12.906
13.1693
13.0123
12.6289
12.8183
13.2189
12.877
12.6274
13.0599
12.9081
13.3784
13.0108
12.8607
13.1742
12.8624
12.6761
12.7423
13.0069
12.7163
12.9914
12.9668
13.0953
12.8957
12.8145
12.8096
12.7803
13.338
12.1692
12.4611
13.1923
12.756
12.8905
12.6913
12.9906
12.7102
12.6927
12.7963
13.3663
12.8885
13.0025
12.8318
12.9349
13.5071
12.8419
13.3295
13.1408
12.8781
12.4783
12.7736
12.9945
13.2434
13.3255
13.7172
13.0495
13.0928
12.6806
13.0568
12.5927
12.5338
12.7169
12.8725
13.0518
12.8919
12.7165
13.1351
13.0777
12.7402
12.9224
13.2028
12.8901
12.6096
12.9046
12.9401
13.0335
12.4081
12.7247
12.4055
12.6969
13.2022
12.816
12.3628
13.2678
12.6968
12.9417
12.9827
12.8432
13.1848
12.8509
12.6806
12.8926
12.8462
12.8305
12.649
13.0615
12.7419
13.1164
13.2026
12.74
12.8467
12.9649
12.8564
12.9309
12.958
12.6614
12.7708
12.7988
12.6154
12.6648
13.0848
12.3007
13.13
13.1376
12.9561
13.0263
12.7401
12.7442
12.4903
12.8981
12.8154
12.6295
12.6199
12.9524
12.8047
13.0461
13.0109
12.9931
13.3673
12.816
13.0621
12.8821
13.0589
12.9113
12.565
12.336
12.8238
12.9436
12.9577
12.9374
12.9722
12.4058
13.1146
12.7058
13.2609
12.6964
12.9172
13.1803
13.0738
12.6487
12.6156
12.675
13.0447
12.6255
12.862
12.8242
12.8926
12.8472
12.7808
13.2513
13.0663
12.8202
12.877
12.3236
12.5135
13.3294
12.4704
13.2776
13.1039
12.8444
12.8982
13.1634
13.1297
12.9926
12.8779
12.356
12.8612
13.3291
12.9092
12.9384
13.2304
12.9588
13.1741
12.8566
13.3362
13.0263
12.7741
13.0939
12.9342
12.9137
12.9045
12.7622
13.0339
12.7514
12.8504
12.9213
13.1435
12.8138
12.8706
12.5305
12.7831
12.9233
13.1875
12.4231
12.911
13.0664
12.8049
12.7219
13.4217
13.0944
13.0725
12.434
13.241
13.3261
13.3053
12.9511
12.9957
12.6939
13.193
12.4837
12.6992
12.4739
13.4126
13.0366
12.785
12.6412
13.2785
13.0332
13.01
12.7178
13.1612
12.6337
12.6501
12.721
12.9227
13.2728
13.1007
12.5979
13.1269
13.21
12.9883
13.1486
12.7099
13.2142
12.9454
12.8061
12.7038
13.1535
12.6442
12.7821
12.8934
12.9789
12.9061
12.6923
13.0437
12.9248
12.9185
12.7771
12.9317
13.0574
12.573
12.6944
13.0529
13.0116
12.8791
12.8787
12.6905
12.9041
12.6981
12.8324
12.8438
12.807
12.5498
13.0751
12.848
12.7761
12.9855
12.9478
12.47
12.8224
12.9703
12.9765
12.8433
13.0365
12.4403
12.7906
13.1109
13.1709
12.7501
13.185
13.1593
12.5509
12.7304
12.8731
13.056
13.1804
12.5449
13.0436
12.9353
13.178
13.1671
12.9902
12.5535
13.1918
12.4592
13.0985
13.1316
12.7201
13.1727
12.385
13.0192
13.0773
12.7004
13.0554
12.8576
13.0245
12.7544
13.3913
12.7913
12.7012
13.1247
12.6916
12.8634
13.1483
12.4741
12.9461
12.4879
13.194
12.5888
12.9826
13.1123
12.8519
12.5889
12.7874
12.787
12.9655
12.84
12.9236
12.3605
12.9674
13.0508
13.0157
13.0223
12.6387
12.9881
13.009
12.8635
12.7821
13.3273
13.0657
12.5114
13.1854
12.9136
12.8869
12.9972
13.3352
12.8373
12.8677
13.0682
12.8275
13.0185
13.0087
12.783
12.761
12.9295
12.853
12.3425
13.3515
12.6148
12.8247
13.1607
12.9768
12.8814
13.2084
12.6592
13.1195
13.1214
12.8269
12.8302
12.856
13.0082
12.7655
12.8371
12.752
12.8301
12.7292
13.0398
13.0594
12.977
12.9044
12.7224
13.1501
12.8549
12.6795
12.7206
13.0232
12.8647
13.1604
12.6002
12.6432
12.8373
12.7221
12.9143
12.5558
13.0965
12.4197
12.8322
12.7445
12.9967
12.6757
12.9166
13.034
12.4353
13.1996
12.5874
13.2674
13.1587
12.5982
13.2293
12.579
12.8747
12.8026
13.0266
12.7746
12.8786
13.5389
13.3949
12.5506
12.7636
12.7369
12.4682
12.8576
12.9861
13.2827
13.1247
13.0245
13.1108
13.3084
12.6934
13.0302
13.0397
12.7023
12.9731
12.8063
13.0137
12.8531
13.1691
12.9947
12.4634
13.1406
12.8533
13.2341
13.3473
13.0245
12.8175
13.2664
13.2738
12.986
12.9472
12.8208
12.6122
13.0257
13.0011
12.9395
12.7137
13.002
12.9513
12.5362
12.963
12.8434
12.6759
12.9245
12.5855
13.2245
12.8092
12.6152
12.6384
13.1229
12.7244
13.1966
12.4586
12.4949
12.8741
12.684
12.9727
12.9979
13.0301
13.1802
12.4122
13.0339
13.3414
12.2775
12.8139
13.2075
13.0425
12.6229
13.117
12.9279
13.0516
13.1328
12.666
12.9331
12.7234
13.2807
12.5948
12.73
13.3196
12.5011
13.1482
12.8798
12.827
12.8256
12.6493
13.3829
12.9598
13.0875
13.228
13.1224
12.8253
12.9673
12.9219
13.1788
13.1375
13.2442
12.953
13.08
12.8932
12.8114
12.8083
13.0554
12.8004
12.8533
12.919
13.2747
12.8878
12.6658
12.4977
13.112
13.0395
13.0932
12.6908
12.7225
13.0146
12.9542
12.5985
13.3811
12.4875
13.2328
12.7971
13.3937
13.0397
12.9069
13.1545
12.9256
12.9265
12.7999
12.9902
12.831
12.665
13.095
12.8479
12.6065
12.9208
12.4257
13.2202
12.7438
12.7079
13.274
12.8805
12.9316
12.8019
12.9933
13.5201
13.0516
13.1793
12.7247
12.8118
12.9416
13.0596
12.6351
12.614
13.0404
12.7427
12.7575
12.8553
12.5523
12.8793
12.7497
12.8701
13.1285
12.7689
12.8568
13.0561
12.777
13.0845
12.9228
13.1017
12.7257
12.5072
13.1466
12.7439
12.9867
12.4497
12.7932
13.1296
12.9451
12.8427
13.1397
12.489
12.9313
13.0001
12.7211
12.8251
12.6164
13.4231
12.9333
12.8203
12.722
12.4211
12.8392
12.8186
12.8157
12.9516
13.0184
12.7365
12.927
13.0207
12.3352
12.6665
12.9672
12.5966
12.5881
12.9331
12.8743
12.7303
12.8213
13.231
12.2455
13.1508
13.3308
13.1905
13.208
12.7214
12.667
12.9848
12.9522
12.517
13.4244
13.3276
12.824
13.0084
12.7635
12.8576
13.0585
13.028
12.829
12.8593
12.7091
12.9017
12.6239
12.9024
12.8649
13.0818
12.9877
12.7725
13.2148
13.1203
13.009
13.128
12.9627
12.3859
12.8749
12.595
13.1546
13.017
12.9281
13.0759
13.103
13.1186
12.7977
13.385
12.9194
12.6165
12.7267
13.0768
13.2379
13.3269
12.8337
12.5694
12.5092
12.865
12.9565
12.5375
13.1313
12.8131
13.4481
12.6661
13.301
12.7056
13.1923
12.705
12.9421
13.0791
12.5193
13.0782
13.0009
12.516
12.5191
13.1011
12.99
13.2428
13.134
12.5935
13.1265
12.7103
13.1727
12.5234
12.9893
13.5725
12.5626
12.7401
12.9057
13.2887
13.2149
12.9692
12.8499
12.7519
12.5756
12.87
13.1113
12.9375
12.9828
12.4894
13.0867
12.9163
12.6816
13.3205
13.0288
12.5811
13.3865
13.1963
12.553
12.93
12.7207
13.3178
13.0219
12.8539
12.7719
12.6877
12.9644
12.8152
12.3873
12.7135
12.8203
12.9519
12.9729
13.1323
12.8561
12.8719
12.6866
12.9158
12.7045
12.9995
12.8491
12.7616
12.8711
12.8918
12.5777
12.8343
12.6504
12.7358
12.5319
13.2559
13.1489
12.9092
12.88
12.6323
13.2061
12.9054
12.9421
12.8437
13.1373
12.7339
12.7713
12.7321
13.1624
13.0157
12.9022
13.0358
13.1645
13.2139
13.223
12.9018
13.2651
12.8847
13.2858
12.5838
12.54
13.2609
13.0461
12.6808
12.82
13.4003
12.6851
12.4672
12.8062
12.5838
12.825
13.3337
12.5247
12.887
13.0974
12.7312
13.1152
12.5761
12.7605
12.7936
12.9541
12.5029
12.949
13.1897
12.8237
12.6969
12.9003
12.8175
12.7535
13.0726
13.1535
12.6616
12.9809
13.099
13.334
12.9903
12.9765
12.7003
12.8054
12.7452
12.6453
13.1051
12.9725
13.2853
13.2831
13.1907
12.4665
12.7761
12.8862
12.585
12.6511
12.8811
13.3797
12.5441
12.9579
13.2725
12.7426
13.0151
12.8331
13.0681
12.7347
13.0549
12.8629
12.708
12.5637
12.5214
12.7706
12.876
12.9378
13.4761
13.0737
12.5792
13.0894
12.9413
12.5918
12.7185
13.4299
12.7063
12.9701
12.7663
13.1272
12.8366
12.7303
12.7479
13.0202
12.7136
12.8146
12.7342
12.923
12.9721
13.0719
12.5268
12.976
12.7937
12.431
13.454
13.0733
12.8337
12.544
12.9522
13.1084
12.9653
12.3232
13.1761
13.0297
12.7831
12.9144
12.8663
13.4209
12.8784
12.9423
12.6971
12.7395
12.8054
12.9735
13.0232
13.1233
12.5673
12.7137
12.7692
13.2586
12.9184
12.7045
13.2976
13.1015
13.0203
12.4978
12.8183
12.7866
12.5843
13.0517
12.8766
12.838
13.0593
12.6141
12.6871
12.9303
12.913
12.9417
12.8637
12.7052
12.4399
12.7724
13.3851
13.2806
12.8906
12.7353
13.4564
12.8025
12.8502
13.3132
13.0654
12.7027
12.9998
13.0021
13.5123
13.0899
12.95
13.2441
13.0786
13.1658
13.2273
13.0992
13.0053
13.0147
13.1892
12.7102
12.9355
12.7033
12.5267
13.0007
12.8588
12.6731
12.8309
12.8364
12.8085
12.6704
13.236
13.0417
12.6651
13.068
12.9152
12.7985
12.5832
13.0172
13.3746
13.1669
13.0912
12.9987
12.9972
12.8682
12.8345
13.1599
13.3226
13.2913
13.1444
13.0659
12.6316
12.8642
12.861
13.1718
12.6762
12.5988
12.9319
13.3405
12.5779
12.7352
12.9729
12.7127
13.079
13.1851
12.571
13.2373
12.9111
13.0454
12.6586
13.0451
13.0976
13.3686
13.1869
12.6039
13.2039
13.0992
12.9049
13.0501
12.5359
12.9863
12.978
13.0779
12.5797
12.8987
13.07
13.191
12.8816
12.776
12.9811
13.117
12.8016
12.7485
13.0397
12.6797
13.1546
12.432
12.677
12.9101
12.9562
12.8744
13.1484
13.1573
13.1682
12.6142
13.0003
13.0613
12.885
13.0448
13.2527
12.6106
13.0914
12.8117
13.0485
13.1405
12.8443
12.8685
12.6194
12.6272
12.5134
12.5744
12.7211
12.9003
13.0631
12.4834
13.031
12.783
12.7657
12.8943
13.0788
13.1211
13.1722
13.1941
13.1403
12.8692
13.0545
12.854
12.7458
12.7332
13.1581
12.7852
12.6131
12.7431
12.6926
13.0417
13.0658
13.0612
12.7465
12.9029
13.0307
12.8685
13.2702
12.5083
12.7197
12.596
13.1746
12.4428
13.2024
12.7686
12.851
13.013
13.1669
12.7278
12.7379
12.935
12.4927
12.7773
12.8551
12.6857
12.9695
12.7096
12.9796
12.7302
12.8775
12.7129
12.8365
13.0485
13.0695
13.0336
12.3442
12.5151
13.2267
12.8814
12.9072
12.8775
12.5449
13.1178
13.1003
12.8195
12.8498
12.7304
12.9872
12.8755
12.9947
12.4543
12.975
13.0041
12.4985
12.6711
12.9974
12.7692
13.0569
13.135
12.8795
12.7949
13.1764
12.9445
12.7614
12.9769
13.1054
12.7783
12.7272
12.713
13.0051
12.814
13.2904
12.7305
12.9547
12.7148
12.9887
12.4291
12.9823
12.94
12.8772
12.9643
13.272
12.7244
12.9853
12.9061
12.8989
13.4411
12.8389
13.2312
12.5562
12.9194
13.2357
13.1369
13.1962
13.5802
12.9916
12.7996
12.9908
12.7246
12.8934
12.4576
13.2778
13.0293
12.6105
13.0512
12.8593
12.3507
12.7876
12.8523
12.625
13.0181
13.0689
12.6652
12.9599
13.1098
13.1822
12.9741
13.1061
12.8917
13.088
12.8324
12.5043
13.3767
13.1862
13.2963
12.9929
13.0901
12.5284
12.8491
12.8148
13.0579
12.8162
13.0309
12.6348
13.2064
13.2496
12.6658
12.7034
12.4437
13.1249
12.9033
12.8931
12.6266
12.6428
12.5756
12.9276
13.2355
12.9895
12.7943
13.1307
12.7528
12.8242
12.9229
12.7881
12.8821
12.81
13.3868
13.0576
12.6627
12.9548
12.4814
13.2528
12.7386
13.6169
12.9568
13.1217
12.741
13.1368
13.145
12.5922
12.3346
13.0256
12.7714
13.0841
12.7341
12.7936
12.8357
12.9783
12.7106
12.8775
12.9721
12.923
13.1359
12.7529
12.8693
13.1386
12.9529
12.6263
12.9004
12.9122
12.8168
13.2605
13.2325
12.6411
13.1848
13.0168
12.8263
12.9819
13.039
13.0163
12.9599
13.0673
12.632
12.8003
12.7984
13.207
13.0725
13.116
13.0126
13.0183
13.1943
12.6868
13.0106
12.8676
12.8102
12.5618
12.9224
12.5445
13.2381
12.458
13.1669
13.0304
12.9155
12.6721
12.8303
12.6983
13.2547
13.014
12.7962
12.6151
13.0561
13.1465
12.698
12.7154
12.8156
12.7471
12.8725
13.0401
13.1977
13.0875
13.021
12.7581
12.8883
13.1417
12.9903
13.2799
12.7875
12.505
12.8967
13.0445
12.5525
13.1701
12.7205
12.7821
12.7314
12.9948
13.2338
12.6858
13.1582
13.1134
13.049
12.7392
12.8886
12.9254
13.0843
13.3032
13.0313
12.7616
12.457
12.4744
12.6883
13.1242
12.7773
12.6821
13.2148
12.8212
13.3207
12.5916
13.2982
12.9715
13.0089
12.7965
13.0991
13.1693
12.5492
12.6442
12.713
13.095
12.6912
12.615
12.6421
12.7274
13.4498
13.0155
12.7699
12.6426
12.4381
12.7055
13.0119
12.9884
12.847
12.6041
13.1912
12.9444
12.6649
12.8145
13.0568
12.6032
12.878
12.561
12.4698
13.1777
12.9768
12.6012
13.289
12.7635
13.0625
13.1395
13.1222
12.6472
12.5948
13.1645
12.805
12.7548
12.6716
12.8828
12.9713
12.6395
12.567
12.7649
13.3481
12.8806
12.8091
12.814
13.0078
13.0603
13.0157
12.9681
12.9937
13.0879
12.6774
13.3459
13.0408
13.0971
12.6525
13.2794
12.9442
12.8171
12.9539
13.2488
12.8751
12.8984
12.7542
12.9198
12.8841
12.7858
13.0923
12.9324
12.6072
13.1702
12.9815
12.9217
12.4475
13.2711
12.8411
12.5564
13.054
13.0675
13.5543
12.6206
13.3122
12.8412
12.6176
12.7751
12.8637
13.1445
12.8365
12.2626
12.9718
12.9068
12.9099
12.947
12.8925
13.0567
12.6991
13.0174
12.625
13.0087
12.7014
12.805
13.1443
12.9921
12.8984
13.1972
12.8331
12.7288
13.0733
13.3313
12.8878
12.7747
12.9433
12.7467
12.6705
12.693
12.6341
12.7675
12.6957
12.9006
13.0555
12.8974
12.8098
12.7191
12.4317
12.8143
12.7709
12.7191
12.5472
12.8943
12.9741
13.2701
12.6034
12.8518
13.0023
12.6326
13.0412
13.2521
13.0737
12.7359
12.9624
12.8791
12.6528
12.6001
12.8444
13.2258
12.678
12.9886
13.2315
12.8592
13.6015
12.7183
12.7197
12.9125
13.0008
12.7012
12.9944
12.7704
13.0034
12.8464
12.6369
13.0215
13.0071
12.8786
12.6567
12.5047
12.632
12.3999
12.939
12.7985
12.4792
13.2216
13.1982
12.8974
12.7175
12.8411
12.3444
12.456
12.9418
12.9608
13.0274
13.008
13.2843
12.8955
12.9658
13.0854
12.7344
12.8642
12.9928
12.9272
12.7842
12.8685
13.0208
12.7687
13.0573
13.0265
12.8859
13.0678
12.5843
12.732
12.9033
12.9213
12.9458
13.168
12.824
12.4899
13.0441
12.8071
12.9984
12.4548
12.8295
12.5345
12.2012
13.1745
12.8515
13.1077
13.1449
13.431
13.15
12.6712
13.1663
13.3016
12.7842
12.8935
13.0942
12.7835
12.9169
12.9565
12.9138
12.7328
12.479
13.087
13.0516
12.5449
13.2079
12.7972
12.7143
12.9878
13.0394
13.2155
12.6601
12.672
12.8462
12.3763
12.8522
12.8177
13.0611
12.6748
12.9248
12.5186
13.0236
12.8902
13.0511
13.1552
13.3599
13.1276
13.1981
13.1416
12.7681
12.6348
13.0029
13.2709
12.8282
12.3616
13.4443
13.1717
12.6012
12.7789
13.0081
12.8278
13.5606
13.0852
13.1412
12.8792
12.601
12.5322
12.6013
12.7256
12.3444
13.0752
12.9084
13.2729
12.7351
12.7514
12.8637
12.4975
12.7492
12.6475
12.9357
12.9355
13.2103
12.841
12.636
12.8171
13.102
12.7911
12.6578
12.617
12.9162
13.182
12.669
12.813
13.1797
12.6849
12.6007
12.8781
13.2105
13.0361
12.6552
12.6546
12.7598
12.6811
12.8681
12.6649
12.7128
12.5075
13.47
12.7343
12.8485
13.0221
12.8185
13.1944
13.1142
13.4381
12.861
12.9492
12.7006
13.3583
12.8204
12.7958
13.0642
12.672
13.103
12.9049
12.811
13.0575
13.1355
13.1531
12.9827
13.1342
12.7601
13.0523
12.8159
12.9515
12.8863
12.8284
12.7528
12.8093
13.2867
12.8771
12.8572
13.0085
12.5386
12.8809
12.9402
12.8779
12.6298
12.883
12.936
12.8404
12.7046
12.8457
12.7783
12.8061
13.3166
12.7948
12.9964
13.2117
12.8252
12.8559
13.3916
12.8727
13.0678
13.5087
12.6313
12.4858
12.7693
12.6542
13.2534
12.8509
12.8717
12.4684
12.7718
13.1352
12.7819
13.026
12.7257
13.2566
13.119
12.9656
12.9003
12.6719
13.2839
12.697
13.1974
13.3398
12.7714
12.8804
12.9
12.9652
13.1016
13.2167
13.1802
13.1087
12.9071
13.0766
13.0294
13.0771
12.8842
12.9202
13.1041
12.6827
13.0825
12.9006
13.0519
13.1529
13.0628
12.8777
12.764
12.9005
12.5793
13.0337
12.8854
12.9613
13.2409
12.7033
13.4444
12.9469
12.7017
13.1561
12.7784
12.8318
12.475
12.9669
12.9227
13.2229
13.37
12.614
13.291
12.4016
13.0458
12.7077
12.5315
12.7974
12.9833
12.8794
12.8859
13.0688
12.7093
12.6217
12.6085
12.7964
13.0971
13.155
13.2871
12.9849
12.9813
12.8295
12.7381
12.6908
12.7587
12.8696
13.2255
12.7288
12.7526
13.1835
12.7835
13.1962
13.0572
12.806
12.9348
12.9561
13.0454
12.8599
12.4152
13.1362
12.7147
12.8027
13.1569
13.0339
13.4941
12.614
12.5063
12.8548
13.1835
12.9396
12.7373
12.9175
13.0596
12.8599
12.9805
12.7146
12.8956
13.065
12.7854
12.8121
12.6864
13.015
12.7436
13.0187
13.0363
12.937
12.9762
12.4587
12.8289
12.8452
13.0144
13.1211
12.9407
12.5621
12.8959
12.9697
12.9352
12.9307
12.9918
13.1699
12.4937
13.0098
12.9968
12.9896
13.3371
12.9426
13.1361
12.7195
12.822
13.6602
12.9328
13.1532
12.7916
12.2878
12.9742
12.6047
13.2983
12.9249
12.8605
13.2061
13.1464
13.1751
13.1591
13.2461
12.7297
13.2383
12.8625
12.7344
12.4669
13.2579
12.5629
12.9712
12.7689
12.8267
13.1157
13.0126
13.0568
12.6017
12.8261
13.3896
13.068
13.2812
12.3881
12.9239
13.2997
13.0379
13.1719
13.3647
13.1232
12.873
13.021
13.4516
12.7821
12.8663
12.9129
13.0866
12.8502
13.5541
12.6522
12.8949
12.6071
12.9114
12.4627
12.9288
12.8012
12.8594
12.5022
12.4993
12.572
13.2496
12.9913
12.8875
13.142
12.9679
13.1179
12.7445
12.8452
12.8728
12.7908
13.0464
12.9548
12.797
13.1518
13.2891
12.8831
13.2207
13.0402
12.5336
12.5373
12.4167
12.8131
12.9337
12.8442
12.9261
12.8957
12.6859
12.8529
13.0252
12.9305
12.5932
12.9827
12.4063
12.9896
12.7168
12.7716
12.7086
13.1286
13.0227
12.7848
13.1593
13.0455
13.236
13.1311
13.131
13.1116
12.8271
12.8063
13.1265
12.6987
12.6096
12.8988
12.8851
12.8677
13.1066
12.5147
13.0547
13.0377
12.4119
12.8758
13.0048
12.9852
12.9635
13.6359
12.9663
12.6881
12.544
13.0369
12.8767
13.0716
13.0242
12.547
12.7194
12.9635
13.1831
13.1532
13.1351
12.8028
12.9446
12.5177
13.2667
13.2698
12.6312
13.0028
12.8206
13.1496
12.8686
13.1133
12.8909
13.054
12.9069
12.8228
13.2746
12.4135
13.0525
13.2653
12.8773
12.6235
12.949
12.879
12.857
12.908
12.8313
13.263
12.8339
13.0788
13.053
13.0783
12.5919
13.2409
12.9119
13.0556
12.7006
12.8873
13.1314
12.4662
13.0016
13.1244
12.805
12.8924
12.6193
12.8066
12.7326
12.8281
13.2201
13.3232
12.8726
12.9267
12.7933
12.9526
12.6666
12.9492
12.9255
12.9371
13.1872
12.7496
13.1781
12.9971
12.9844
12.5847
12.9538
13.2743
13.1166
13.2372
12.4459
12.9218
12.7954
13.2513
13.0812
12.8908
13.0236
13.0227
13.2465
12.8204
12.8706
12.6611
13.0926
12.7446
12.621
12.7598
13.4155
13.1102
13.511
13.0787
12.931
12.673
12.26
13.1018
12.819
12.4884
12.6181
12.9122
12.8726
12.8607
12.9562
13.2282
13.2484
12.7686
13.0882
12.9426
13.1585
12.8702
12.9035
12.6175
12.5432
12.7426
12.8747
12.7972
13.0493
13.2316
12.997
12.6524
12.8532
12.9281
13.1317
13.1909
12.7514
12.9157
13.0336
12.8122
12.7829
13.2337
12.7842
13.0925
12.9179
13.1992
12.6195
12.9966
13.1507
13.021
13.1251
12.6449
12.8275
13.0005
13.3244
13.0246
12.782
13.0361
12.6648
12.7098
12.8432
12.7256
12.9786
12.8043
12.7205
12.7851
12.7591
12.9273
12.6272
12.7175
12.9633
13.002
12.3543
12.8721
13.3888
12.88
13.0363
13.016
12.7712
13.3194
12.7202
13.5092
13.1987
12.9437
12.8921
12.8728
13.3069
13.0498
12.7472
13.2189
12.9521
12.6305
12.6107
13.3107
12.8352
13.0183
13.0114
12.735
12.6122
13.3597
12.8047
12.9955
12.4038
12.5723
13.0629
13.1849
12.7758
12.4768
12.9661
12.807
12.7142
12.9088
12.896
13.0219
12.7508
12.4837
12.9776
12.7265
12.8778
12.4005
13.0071
12.7521
12.5249
13.2097
13.0276
12.7827
12.882
13.1232
12.8151
12.7881
12.7355
13.1333
12.6083
13.3126
12.8972
13.2146
12.8589
12.949
13.2791
13.039
13.067
13.0044
13.5698
12.5583
12.8035
13.0255
13.12
12.9815
12.8784
12.9667
12.7872
12.6947
12.9383
13.2492
12.8534
12.5134
13.0424
12.8984
12.6169
13.1483
12.751
13.5181
12.8523
12.6459
13.1743
12.579
12.8656
12.896
12.8682
13.2279
12.7806
12.6398
12.583
13.1335
12.4994
13.1113
12.4264
12.6212
13.15
12.7556
12.7604
12.7333
13.0827
12.6798
12.9651
13.1318
12.697
12.8428
12.8204
12.9745
12.7856
13.0669
12.4853
13.181
12.5991
13.0288
12.9165
12.2455
12.9047
12.8412
12.7777
13.0832
12.4795
12.892
13.295
12.9596
12.7363
13.2612
12.8047
13.127
12.995
12.6828
13.0141
12.5408
13.0016
13.1207
12.7318
13.1602
12.9878
12.5661
12.9706
13.1696
12.7568
13.0104
12.774
12.7827
13.2248
13.0434
12.6322
12.8398
12.8884
12.969
12.9686
13.1426
12.6323
12.4561
13.1182
13.08
12.7727
13.0748
12.938
13.0198
12.7922
13.3432
13.076
13.2892
12.5887
13.1262
12.6233
13.0852
12.8116
12.6135
12.6275
13.1812
13.4485
12.916
13.4193
12.8159
13.0866
13.3345
12.8329
13.204
13.127
12.9409
12.8821
12.379
12.788
12.9897
12.817
12.4284
12.6043
12.8792
13.1359
12.9461
13.2838
13.1433
13.0069
12.6078
12.9384
12.8009
13.0602
12.2014
13.2144
12.9076
12.6046
12.6584
12.8562
12.7181
12.9238
12.7158
12.2757
13.1335
12.7559
12.9594
12.7361
13.0887
12.8559
12.7834
13.5054
13.205
12.9113
13.1131
12.4016
12.8323
13.1739
12.6799
12.8736
12.8605
12.6728
12.9732
12.8712
13.322
12.8923
12.8082
13.0061
12.9523
13.0192
12.7267
12.9822
12.9536
13.1027
12.7966
12.6931
12.9593
12.7807
13.0954
12.465
12.967
12.8691
12.957
12.2583
12.949
13.0308
12.8401
12.4537
13.2965
12.5155
12.6045
13.3116
12.8802
12.7899
12.6448
12.9564
12.8223
12.8661
12.7204
12.741
12.7593
13.0948
12.7931
13.0078
12.8976
12.5634
12.9243
13.0138
12.9784
12.9561
12.3871
12.4004
13.4583
13.2058
12.9073
12.8141
13.1648
12.9472
12.7369
12.797
12.916
13.0245
13.0346
12.7823
13.2552
12.9799
12.6364
13.1077
12.9206
13.1668
12.9751
12.9596
12.7558
12.6737
12.9477
13.0617
12.9234
12.4409
13.2387
13.0514
12.7492
13.1661
13.2954
12.3735
12.9369
12.5459
13.1443
12.9374
12.9999
12.6964
12.9106
13.2076
13.1558
13.0565
12.536
13.0269
13.2923
13.0163
12.8286
12.8405
13.2458
12.579
13.1012
12.6563
12.6241
13.0283
12.8131
13.1504
13.0538
12.784
12.8696
12.5588
13.3622
12.8565
13.0168
13.1846
13.3522
12.9246
13.3889
12.6326
12.5892
12.6751
12.8265
13.1342
12.7525
13.0178
13.1689
13.428
12.6611
12.843
12.5405
12.6162
12.9445
12.6454
12.3112
13.0202
12.6252
12.8742
12.8691
12.8385
12.8794
12.8366
13.4159
13.146
12.7566
12.6744
12.9621
13.1263
12.7805
13.1084
12.5336
13.0899
13.1483
13.1103
13.5703
13.2878
12.8633
12.7716
12.5348
12.4415
12.8396
13.253
12.8364
12.8601
13.088
12.8629
12.7291
12.6145
13.2585
12.5682
12.5222
13.0054
12.9613
12.6912
12.9668
13.3841
12.7226
13.1669
12.8192
13.4762
12.7756
12.6853
13.28
13.0382
12.6212
13.2541
12.942
13.145
13.0848
12.97
13.1477
12.4885
13.1555
12.95
12.8348
13.08
13.0343
12.7903
13.2604
13.2105
12.9692
12.796
12.9397
13.2761
12.5122
13.0513
12.7993
12.6019
12.4204
12.8704
13.0176
12.7712
12.3388
12.5497
12.5954
12.7503
12.8163
13.2323
12.81
13.0235
12.9987
12.88
13.0877
12.958
13.3446
13.3756
12.9376
12.9127
12.8117
13.1236
12.7087
12.9698
13.0476
13.0554
13.0384
13.2267
12.9854
12.8186
12.8886
13.19
12.4395
12.7792
13.0896
13.0554
12.8339
12.5827
12.9825
12.9473
12.5742
12.6504
12.6535
12.5115
12.6332
13.0767
13.0925
13.1533
13.1477
12.712
12.5746
12.8676
13.2979
12.5343
13.0327
13.3226
12.9215
12.5098
13.3148
12.954
12.7871
13.0091
12.6654
12.6523
12.6282
12.644
12.9732
12.381
12.825
12.6862
12.7128
13.1792
13.1038
12.8468
12.7131
12.6671
12.6958
12.8518
12.9984
12.9892
12.896
12.4321
12.8495
12.6454
12.8124
13.3171
13.3342
12.9234
13.1917
12.7108
12.5389
12.5049
12.7376
12.9537
12.6809
12.9041
12.7186
12.8172
12.6017
12.971
13.097
12.7701
13.2517
12.9624
12.5888
12.6962
12.845
13.2009
12.8184
12.8408
12.7973
13.2438
13.1392
13.0128
12.4826
13.0284
12.3834
12.7346
12.8169
12.8403
12.3747
12.8821
13.1388
13.1001
13.0551
13.0191
12.877
12.7801
12.7195
13.2554
12.8026
13.0615
13.056
13.1132
13.0633
12.8787
12.6083
12.9177
12.8312
12.6015
13.0098
12.6983
12.8374
12.9451
12.851
12.2662
13.2133
12.969
12.7599
12.7334
13.0232
12.9202
12.8865
12.7848
13.0564
12.789
12.915
12.8218
12.923
13.0123
13.2573
13.0414
12.9001
13.0543
12.819
12.751
12.9141
13.0791
12.509
13.3866
12.7147
12.8396
13.0491
12.7033
13.0562
13.2414
12.7846
12.7035
12.9179
12.8245
12.8853
13.091
12.7411
12.6547
12.548
13.1238
12.5662
13.1285
12.9289
12.8957
12.8736
12.9238
12.8287
12.6109
12.577
12.4718
12.9804
12.6073
13.2626
12.5684
12.7988
12.5827
13.1175
12.441
12.9032
12.9282
13.1468
12.9494
12.5645
12.657
13.1071
12.9828
12.8597
12.7829
12.614
12.5215
13.097
12.9338
12.7285
12.6221
12.6707
12.9429
13.419
12.6269
13.1136
13.419
13.1162
12.6244
12.726
13.1995
12.8585
12.8206
12.5778
12.8289
13.1001
12.9812
12.9376
13.2165
12.9749
13.2514
12.5752
12.6102
13.1162
13.3734
13.0812
12.9428
12.8554
12.9649
12.7059
12.9254
13.0943
13.2176
13.1702
12.8437
12.634
13.0981
12.6409
12.7711
13.5376
12.6102
12.5741
12.9093
12.6895
12.9754
12.8481
13.0618
12.5712
13.2469
13.1156
12.6847
12.5599
13.0998
13.2066
12.6847
13.0675
12.7701
12.6741
12.8831
12.5279
12.8584
12.7575
12.6288
12.9753
13.2326
12.9174
12.5279
13.0876
12.8464
12.8821
12.6224
12.8379
12.497
12.6895
12.9129
13.3042
13.2983
12.6405
12.985
13.2851
13.0604
12.8432
12.6217
13.195
12.8674
13.1828
12.5093
12.4443
13.1416
12.1584
12.952
12.8915
12.926
12.6626
12.9673
13.0694
12.7615
12.7121
12.6908
13.0533
12.6255
12.4304
12.8853
13.1044
13.069
13.0697
13.1539
13.2009
12.4961
12.9319
12.8861
13.0964
12.7566
12.7719
13.0869
13.1042
13.0327
12.6684
12.2921
13.0573
13.2796
13.4544
12.9507
12.5699
13.2281
12.6852
12.835
12.909
12.683
12.999
13.1233
13.1792
12.7457
13.0679
13.1759
12.8881
13.0097
12.7159
12.6623
12.5401
12.9967
13.4188
12.9287
13.0028
13.0654
12.867
12.8198
12.98
12.7173
13.0254
12.7982
12.4845
12.8654
12.7989
12.5364
13.135
13.1713
12.7501
12.7844
12.8666
12.691
12.9664
13.2644
13.0083
12.6492
12.7021
12.3777
12.3114
12.888
13.2715
13.2768
13.3664
12.845
13.0085
13.3742
13.3402
13.1938
12.8888
12.805
12.6979
13.0058
12.958
13.0223
12.8513
13.1446
12.5122
12.898
12.6115
12.6893
12.8028
12.7606
12.5032
12.7261
13.3272
12.9005
12.9703
12.8244
12.6901
12.9291
13.0112
12.4051
12.8573
13.0033
12.6537
13.2416
12.7595
13.0943
12.4688
13.2615
13.0863
13.1182
12.7816
12.9792
12.7947
12.6967
12.9052
12.8637
12.7816
13.1594
12.8944
12.9084
12.9773
12.9364
12.9067
12.8821
13.189
13.0424
12.6092
12.659
13.4423
13.068
12.5221
12.5447
12.9571
12.6153
12.9673
12.811
12.9395
12.9888
13.5208
12.5798
12.8526
13.1305
13.0493
12.6918
12.5329
12.9261
12.7421
12.9578
13.0066
12.6203
13.0953
12.7456
12.6413
13.0074
13.0503
13.2263
12.9881
13.2173
12.8151
13.4345
13.1298
12.9884
12.7036
12.6901
13.0272
13.3227
12.5669
12.7511
12.5496
13.0004
13.0945
13.3785
13.1724
12.9559
13.0823
13.0051
12.9817
12.8507
13.3253
13.0436
12.2631
12.8132
12.6255
12.8049
12.7592
12.8673
13.0806
12.7514
13.0125
12.9461
13.2644
13.0105
12.7955
12.9349
13.1196
12.6205
12.6787
13.3164
13.1641
13.1366
13.2474
12.5293
12.9949
13.195
12.8956
12.2534
12.9814
13.2352
12.8358
12.5494
12.6684
12.3757
12.7714
12.4737
12.6346
12.8415
12.5889
12.9797
12.7948
12.4973
12.9273
13.0431
13.1871
13.0646
13.0029
13.0056
12.9736
13.1548
12.7855
12.3775
12.7388
12.8539
12.9991
13.0747
13.1816
13.3883
12.5508
12.9314
12.5532
12.8884
13.0656
13.1625
12.9239
12.9826
13.2782
13.1801
12.7065
12.784
12.8254
12.5167
12.9099
12.7491
13.1368
12.7522
13.0522
12.9969
12.8902
13.1948
13.3824
12.8917
12.6204
13.0287
13.0855
12.6258
12.7361
12.8138
12.8382
13.0034
13.1098
13.2722
12.7767
13.2642
12.6129
12.9573
12.6617
12.8754
12.7073
13.4636
12.8959
12.6742
12.9084
13.0714
12.3696
12.3942
12.8447
13.1398
12.6644
12.8547
12.5878
12.9468
12.7532
12.718
12.9393
13.2051
13.1544
13.1183
12.9872
13.0361
12.7506
12.8962
12.9211
12.8133
12.9235
12.8139
12.7305
12.9042
12.9965
12.5537
13.2108
12.7858
12.636
13.0054
12.8715
13.2146
13.0817
13.0759
12.7591
12.8358
13.0443
13.2828
12.7189
12.9481
12.5937
13.0923
13.0151
13.1255
12.9228
12.9739
12.8238
12.9666
12.6273
13.2712
12.833
13.0239
12.5626
12.849
12.8467
13.0639
13.0586
12.8784
13.0245
13.2722
12.7993
12.6371
13.119
12.8286
12.9527
13.2355
12.8614
13.0764
12.6572
13.088
12.7786
12.6669
13.0224
12.7194
12.9105
13.144
13.2031
12.8876
12.7649
12.4552
13.0896
12.8122
12.9185
12.6595
12.6753
12.9619
12.9261
13.2094
12.9991
12.8619
12.8315
12.9821
13.1187
12.7359
12.6593
12.8624
12.678
12.5705
12.9583
13.1256
13.1314
13.0675
13.0518
12.9927
12.5961
12.614
13.0394
12.6768
12.9555
13.1255
12.6097
12.9845
12.458
12.9592
12.9614
13.2861
12.6149
12.5739
12.7453
12.9425
12.5196
12.8238
13.3035
13.0376
13.0307
13.3875
12.8604
12.6229
13.0202
12.5773
13.2263
12.8178
12.7559
12.8171
13.1386
12.5516
13.0091
12.2431
12.9573
12.7718
12.7977
13.156
13.0121
12.6829
12.7542
13.0732
13.0669
12.7567
12.4637
13.226
12.9905
12.8429
12.862
13.2452
13.1409
12.9629
13.0571
12.4698
12.9198
12.9273
13.0696
13.1825
13.0998
12.883
12.76
12.7891
12.6407
13.0834
13.1655
12.6985
13.1442
13.0099
12.7584
13.0509
12.8417
12.7598
13.1409
13.0245
12.7084
13.004
12.5392
12.8288
12.7351
12.3844
12.9461
12.6666
13.2956
13.1887
13.126
13.2703
12.8845
13.1292
13.0167
12.9808
12.7754
12.7803
12.9837
13.3665
12.7652
12.7617
12.7985
12.8519
13.0729
13.1143
12.648
12.7193
12.6984
13.556
12.8125
13.1591
12.6986
12.5697
12.7606
13.0824
12.7013
13.1199
12.6831
12.5866
13.1066
12.7061
12.8389
12.7019
12.6277
13.052
13.0067
13.0624
12.823
12.9175
12.6895
13.4327
12.8361
12.9609
13.2204
13.0294
12.5655
13.0898
12.7375
12.4939
13.1563
12.9695
13.1591
12.4343
12.7082
12.9775
12.775
12.4942
13.3466
12.9908
13.0874
13.4044
12.6178
13.0792
12.9662
12.8331
13.1038
12.9416
13.0318
13.1085
12.8691
12.5979
13.0299
12.9058
13.0613
13.0433
12.6325
13.0596
12.6894
12.9466
12.9863
12.8678
13.0207
13.2447
12.6293
13.304
12.8763
12.8919
12.8837
12.9332
12.7389
12.7142
12.3568
12.8915
12.7176
12.7238
12.4165
13.1087
12.8844
13.0557
12.6354
12.4008
12.6774
12.8094
12.3799
12.9954
12.8481
13.0378
12.5909
12.8976
12.8556
13.2393
13.0661
12.8423
12.685
13.0048
13.2836
13.1328
12.7513
13.3783
12.9168
13.0503
12.9229
12.9346
12.9005
12.4475
13.0131
12.6688
12.8647
12.9568
12.9223
12.8468
12.7089
12.5138
12.6314
13.3097
12.6245
12.4468
13.4158
13.1103
12.6252
13.3645
13.2622
12.915
13.4732
12.615
12.8414
12.5507
12.8041
12.9328
12.8902
13.0918
12.7436
12.7868
12.8463
12.7353
13.0929
13.0133
13.0932
12.7787
13.0519
12.5285
12.8736
12.4165
12.8536
12.9012
12.8427
12.5573
12.9887
12.9553
12.7446
12.9052
12.5215
12.7355
12.9065
13.3407
13.0067
13.3135
13.0587
13.0901
13.0509
12.9999
13.0899
13.2194
13.0101
12.4557
13.0044
13.1986
12.963
13.3727
12.8956
12.9437
12.967
13.0045
12.9563
12.729
12.678
12.8499
13.4049
12.8204
13.1111
12.3925
12.7066
12.9737
13.1151
12.9138
13.0339
12.6518
12.4123
12.9682
12.8713
12.8893
12.8333
12.545
12.8238
13.1245
13.1404
13.0468
13.1826
12.8345
12.4549
13.0839
12.9642
13.1222
13.1451
12.8429
13.5379
12.7319
12.4567
12.7808
12.7729
12.5953
12.3042
12.9705
12.784
13.0659
13.0118
12.9874
13.2561
12.8071
12.414
13.0997
12.8191
13.0823
13.1437
12.791
12.2365
12.999
12.8323
13.1444
12.9283
12.758
12.7129
12.9476
13.1256
13.3493
12.9812
13.0577
12.8985
12.7201
13.0627
12.8618
12.8071
12.6606
13.1549
12.5917
13.3572
12.7695
12.6601
12.464
12.9813
12.6307
13.0729
13.1835
12.9652
12.7166
13.0446
12.8312
13.2721
12.6883
12.8776
13.0923
12.9068
13.3092
13.0522
12.4882
13.2569
12.7472
12.047
13.3182
12.8963
12.4694
12.9632
13.1636
12.9864
13.6343
13.1995
12.6065
12.6758
12.8829
13.1472
13.0321
12.606
12.7586
12.6733
12.716
12.741
12.9044
13.113
12.9259
12.6867
13.072
12.9314
12.706
12.9525
12.7109
12.8243
13.0479
13.3003
12.7339
13.3916
13.037
12.8945
13.0195
13.0983
13.3315
12.631
13.0309
12.9649
12.4098
12.8857
13.3264
12.8571
13.2053
12.7582
12.6933
12.9807
12.9049
12.5071
12.9859
13.2737
12.822
12.9615
12.8264
12.7215
13.0444
12.8923
13.2458
12.7286
12.724
12.3312
13.0228
12.7671
13.1855
13.0824
12.9634
12.7693
12.5634
12.896
13.216
13.3376
12.9022
12.8641
12.7758
13.1578
12.7099
12.9985
12.9917
12.7588
13.1074
12.6723
12.9793
13.1919
12.6502
13.0602
12.9644
12.9831
12.6298
13.1224
12.7458
12.7148
13.0542
12.7959
13.0786
12.7793
13.1243
12.9653
13.1165
13.0882
13.1478
12.7771
13.0814
13.2506
12.7358
12.7759
12.8218
12.6943
12.791
12.9474
12.5635
12.8833
12.7405
13.1758
13.0865
12.424
13.1334
12.6049
13.0462
13.0207
12.5525
12.2019
13.1101
12.9966
12.7456
13.1625
12.6049
13.1837
13.0118
13.2405
13.0046
13.2083
12.9777
13.2108
13.2944
12.8021
12.7898
13.0958
12.7902
12.6352
13.0963
13.0005
13.328
12.7965
12.6813
13.3487
12.7427
13.2315
12.7965
13.0136
13.0046
13.3237
12.7156
12.8155
13.1079
12.6278
12.438
13.2481
13.1195
13.0627
13.0948
12.9222
12.9655
12.9114
12.9028
12.5008
12.5644
12.7228
12.9046
13.2126
12.8888
12.6322
13.1544
12.9091
12.5512
12.9187
13.1737
13.1467
12.9733
12.9707
12.7628
12.8086
12.7666
12.8609
12.8732
13.2144
12.6681
12.7147
13.0614
12.5891
12.9086
12.9589
12.9073
13.2168
13.2324
12.7075
12.7882
12.688
13.1586
12.7775
13.4019
12.9599
12.6335
12.5855
12.7688
12.9708
13.2387
13.2012
13.1141
12.684
13.0758
13.1914
12.8987
13.0674
12.7049
12.7762
12.4626
13.1769
12.9022
13.0242
12.9336
13.2544
12.9801
12.712
12.8234
13.2088
12.8172
12.8279
12.9705
12.9584
12.7114
12.7669
13.0605
13.0117
12.8086
12.9731
12.4683
13.2339
13.5273
12.9888
13.4542
12.483
13.2498
12.7376
12.68
12.7874
12.6094
12.7417
12.6974
12.7458
12.9722
12.9452
13.1016
13.417
12.6082
12.4272
12.5492
12.9632
12.5827
13.1004
12.829
13.1409
12.475
12.7537
12.7971
12.595
13.0235
12.9266
13.255
12.3982
12.8756
13.312
12.5476
12.9272
12.7633
13.3954
12.4945
12.5739
12.4289
13.3432
13.2255
12.7086
12.755
13.0184
12.6822
12.6449
12.7086
12.7054
12.7572
12.7957
12.6845
12.8054
12.6591
13.2456
12.5315
12.714
13.0477
13.2954
12.86
13.1729
12.4422
12.915
13.0196
13.3339
12.9832
12.9257
13.1854
13.4396
12.4449
13.0721
13.1179
12.8107
12.7514
12.857
12.998
12.5947
12.7217
12.7774
12.9402
12.7812
12.7183
13.1405
12.9639
13.0651
12.3973
12.5471
12.8386
12.9709
12.8104
12.5322
12.5895
12.5919
12.8861
12.7056
12.9622
13.1067
12.9831
13.2698
12.4735
12.909
12.5466
13.3021
12.5553
12.8461
13.0838
12.9392
13.1611
12.6156
12.3443
13.0755
12.6639
13.007
13.0214
12.5834
13.2538
12.7691
12.8021
12.7605
12.8535
12.9333
13.0095
12.8414
13.0056
12.8325
12.7632
12.5662
12.8123
12.4373
13.0082
13.0316
13.0391
12.8388
12.7477
12.753
12.9607
12.9999
13.1837
13.1999
12.9427
12.4384
13.299
12.867
12.5995
13.3313
13.036
12.7839
13.0435
13.083
12.9133
12.7547
12.3026
12.4947
12.7221
12.6796
13.0233
12.9454
12.9815
12.8473
12.9802
13.0254
13.1182
12.3466
13.1644
13.2346
12.8517
13.0549
12.5489
12.6592
12.6983
13.3336
12.9799
12.8831
12.6325
12.8311
13.3729
12.8611
12.7448
13.2519
12.435
12.8901
12.76
12.7441
12.8265
12.5846
12.8232
13.3166
13.2605
12.7481
13.2582
12.6722
12.9105
12.9434
12.9371
12.5087
12.6453
13.1851
13.0745
12.8805
12.6953
12.5939
12.7839
12.9854
13.1922
12.8402
12.9027
13.0007
13.1686
13.1203
12.7126
12.4369
12.7751
13.0798
12.8
12.5012
12.7967
12.6056
13.052
13.0853
12.8435
12.8551
13.2053
13.2882
13.0895
12.8896
12.5424
12.6063
12.8683
13.0865
12.9778
12.877
12.3456
12.5663
12.8033
12.6564
13.2469
12.5531
13.0619
12.7121
12.8912
12.6828
13.0167
12.4777
12.6518
12.8596
13.0898
12.5562
12.5927
12.7679
12.9431
12.9447
13.1208
12.9749
12.8806
12.8291
12.6724
13.2343
12.8009
12.9326
12.7117
12.8782
12.6898
12.9171
12.7879
13.0632
12.8876
12.7997
12.3595
13.4909
13.2932
12.8731
12.9604
12.7708
12.5371
12.9607
13.1056
12.5821
13.1012
12.8362
12.3553
13.0114
12.9591
13.2702
12.4829
13.0495
12.7966
12.6137
12.9149
12.4267
12.9112
13.2203
12.7782
13.0015
12.9066
12.6211
12.6045
12.9558
12.9685
12.791
12.7402
12.8014
12.6201
12.5032
12.346
12.8779
13.3837
13.059
12.6237
12.9565
12.5749
12.7509
12.8443
12.8518
12.7194
12.837
12.9153
12.8412
12.829
13.0527
13.1457
12.9288
13.217
13.2281
12.75
13.143
12.9301
12.8191
12.942
12.7621
12.4859
13.2184
12.9179
12.8277
12.5929
13.065
12.7806
12.7244
12.542
13.1857
12.951
13.2316
12.6375
12.2808
12.9795
13.0955
12.8306
13.1104
13.0599
13.179
13.1807
12.7025
13.3345
12.7787
12.7103
12.8798
12.9039
12.8019
12.8724
12.5172
13.1541
12.5264
12.4874
13.0526
13.2321
13.2488
13.1442
12.6673
12.7661
12.6323
12.692
12.8933
12.5452
13.2641
12.9037
13.329
13.1662
13.0238
12.8674
12.5485
13.0945
13.3311
12.9683
12.7282
12.8962
13.1108
12.4743
12.5502
12.9807
12.4967
13.2303
13.0289
13.5773
12.8761
12.7465
12.8035
12.8259
13.2236
13.0717
12.5018
13.382
13.2281
12.6974
12.9093
12.8801
12.8818
12.4405
13.0198
13.0168
12.6341
13.3331
13.3144
12.8515
12.8994
12.9183
13.1656
12.7167
12.5021
13.5082
12.8327
12.8919
12.9813
12.757
12.9213
12.8575
12.907
12.6201
12.9262
12.5471
12.7552
13.3815
13.0693
13.021
12.8332
12.7249
12.9997
12.9512
12.7067
13.3902
12.9075
13.263
13.1634
12.8772
12.8215
13.1823
13.2802
12.6791
13.1177
13.1243
12.8149
12.769
12.9456
13.1206
12.7142
12.8705
12.6659
12.9776
12.8218
12.8654
12.4666
13.1996
12.6489
13.2126
12.9623
12.4035
12.8587
12.4744
13.1402
13.1772
13.2317
12.9983
12.848
13.1041
12.7349
12.9026
12.6814
12.9254
13.3955
12.7485
12.9973
12.8336
13.0396
12.8794
12.8728
13.4488
13.0524
12.866
12.7819
13.0117
13.1042
13.0315
12.6196
13.2004
13.147
12.993
12.6552
12.8062
12.6269
12.5861
12.9705
13.1244
13.0366
13.414
12.4415
13.1195
12.3822
12.8004
12.6692
13.2257
12.5823
12.993
12.7109
12.8336
12.8231
12.9825
12.3725
12.7654
12.6146
12.8222
12.9715
12.3357
12.876
12.862
12.4254
12.8181
12.696
12.5091
13.1018
13.1351
12.8262
13.5424
13.514
12.7877
13.0304
12.8673
12.8169
13.1495
13.4086
12.6863
12.3089
13.2323
12.9794
13.0705
12.9138
12.9902
12.7752
13.232
13.0787
13.205
12.8078
12.624
12.8682
12.7871
12.7108
12.839
12.619
12.9496
12.9918
13.1411
12.7176
12.6967
12.7609
13.138
12.6995
12.7887
12.7658
12.9193
13.2068
12.9761
12.5013
12.9898
12.8909
13.1312
13.3151
12.9973
12.7579
13.0743
12.7406
12.8179
12.6352
12.9893
12.5382
13.0904
12.8653
12.8673
12.8011
13.1569
13.0199
13.0427
13.3797
13.1135
12.506
12.8972
13.1614
12.8289
13.1268
13.1386
12.6373
12.8242
12.7631
13.0836
12.5666
13.1866
12.9791
13.1563
13.1175
12.8452
12.6679
12.7082
13.5777
12.8797
12.9088
12.5437
12.9908
12.8228
12.7097
12.7316
12.8506
13.0588
12.887
12.8632
13.2661
13.0438
13.0121
12.3637
13.1293
12.8987
12.9734
13.3666
13.0528
12.8272
12.6293
13.2558
13.1596
12.8545
12.6599
13.208
12.7308
12.4765
12.8527
12.7703
13.3671
12.8985
12.9385
13.3329
12.3213
12.9397
12.7903
12.9821
13.0068
12.7394
12.9917
12.8321
13.3611
12.9284
13.1079
13.0938
13.0204
12.8772
12.6892
12.9274
13.192
12.7459
12.9878
12.885
12.5474
12.9196
13.089
12.7688
13.1028
12.6975
12.7934
12.6543
13.1563
12.5862
12.8168
12.8913
12.8574
13.1469
12.8673
13.1151
13.4022
12.1788
12.7377
13.1518
13.0487
12.4684
12.9785
12.3868
13.2154
13.1622
12.7935
12.9639
12.7924
12.4954
13.0433
13.0532
12.9955
13.0245
12.7793
12.6134
12.8105
12.9296
12.6634
12.899
12.7164
12.7804
12.785
12.5543
13.0701
13.1709
12.7066
12.9229
13.2318
12.6925
12.6558
12.8802
12.8253
12.7685
13.1508
12.667
12.9153
13.2043
13.0769
12.9664
12.4982
13.0466
13.1167
12.9985
12.9208
12.8866
13.0166
12.9926
13.0294
12.6994
12.9284
13.1563
12.7792
13.0806
12.7529
12.8767
12.744
13.0178
12.9869
13.2723
12.7284
12.706
12.9176
12.6659
13.1299
13.1139
12.9091
12.8083
13.2352
12.9927
12.7144
12.883
13.0053
13.2446
13.2207
12.8025
13.0506
12.63
12.6854
13.2235
12.9618
12.8881
12.6383
12.9383
13.0381
12.6958
13.4058
12.7408
12.8196
13.2517
12.61
13.0775
12.9348
12.7614
12.5897
12.8184
12.8247
12.4154
12.7419
12.7927
13.2572
12.908
12.6718
12.5711
12.7727
13.0875
13.0039
12.9108
12.742
12.8317
13.0405
12.7853
13.1239
12.4128
12.8805
12.9049
12.9543
13.3328
12.8402
12.7851
12.7422
12.8957
13.0715
12.7028
12.454
12.373
13.0686
13.2533
13.0976
13.0965
13.2774
12.7721
13.2544
12.467
12.8389
13.5795
12.9176
13.2943
12.9646
12.6951
13.1191
12.8487
12.8632
12.7804
12.7514
12.7706
12.6379
12.824
12.7678
12.8943
12.926
12.8906
13.288
12.711
13.1186
12.5358
12.7039
12.7404
13.143
12.7595
13.249
12.5081
12.7973
12.8168
12.7464
12.7883
13.1085
13.0982
12.8539
12.7808
12.9243
13.2681
13.0246
12.4726
12.8634
12.7067
12.9504
13.0659
12.6712
13.045
13.2051
12.9275
12.8348
12.6245
12.7286
13.1278
12.8717
12.5116
12.7228
13.1922
12.987
12.7998
12.5636
12.814
13.0043
12.8859
13.0944
12.6978
13.1917
13.2078
13.3419
13.2082
12.9633
12.7378
12.5376
12.7753
13.1954
12.9581
12.8616
12.8231
12.8442
12.9439
12.8135
13.1614
13.1726
12.9404
13.012
13.0382
13.0532
13.2152
12.7224
13.2713
12.7155
13.2966
13.0926
12.787
12.6656
13.0524
12.7905
13.0046
13.1441
12.962
12.6043
13.0452
12.9098
12.8507
13.0875
12.6271
13.0001
13.187
12.4893
13.5919
12.1996
12.9515
13.0046
12.7194
12.6598
12.9474
12.6445
12.8927
13.2252
12.6716
13.2931
13.0527
12.8572
12.7876
12.9482
12.9496
12.926
13.3099
12.6044
12.6029
12.9805
12.5481
12.5795
12.66
12.5734
12.9078
13.4934
12.9117
13.2546
12.5635
12.233
12.7699
12.8784
12.9998
13.022
12.907
12.9692
13.1545
12.9366
12.8176
12.6041
13.0043
12.8122
13.0534
12.952
13.1878
12.9381
13.2957
13.2222
13.2555
13.208
12.9633
12.7546
12.711
12.658
12.9419
13.0799
12.9334
12.8686
12.6334
13.2181
12.5072
12.7719
12.7952
12.4485
13.2126
12.8589
12.7909
13.1521
12.8931
12.9842
12.5938
12.4896
12.7576
12.8692
12.758
12.9569
12.7269
13.3557
13.2955
12.7366
13.0048
12.2327
12.8443
12.9612
13.0037
12.9966
13.0862
12.4638
12.6494
12.7757
13.314
12.978
13.1307
13.0961
12.8479
12.9286
13.2611
13.3215
12.4002
12.7971
12.5325
12.6783
13.162
13.2623
12.9677
13.2838
12.8274
12.578
12.8101
13.2795
12.8669
12.9397
12.7659
12.9331
13.1435
12.7308
13.1911
12.7942
12.9136
12.9261
12.9472
12.9823
12.7422
12.8062
12.9435
12.9381
13.1914
12.6851
12.93
12.9233
12.8001
13.3385
12.8629
12.8506
13.0358
12.6421
12.6621
13.1137
12.5824
12.8467
12.6552
12.9784
12.849
12.6771
13.4116
13.5563
13.043
13.0783
12.8039
12.7523
12.9108
12.9663
12.9338
12.609
13.0164
12.9459
13.0005
12.8681
12.9947
13.2847
13.1734
12.7939
13.1712
12.9451
13.103
12.7452
12.6482
12.9538
13.1994
13.459
12.7766
13.043
12.854
12.4982
12.5283
12.9202
13.3818
12.7935
13.0895
13.1284
12.9447
12.542
12.9891
12.925
12.8415
12.3653
12.7993
13.1023
12.6446
12.9141
13.1505
12.6105
13.4177
12.723
12.5956
13.158
12.8244
13.0597
12.9863
12.8018
13.0045
13.2579
12.735
12.8504
13.3067
12.9311
12.8707
12.6943
12.8735
12.8008
12.8147
12.62
13.1757
13.0809
12.7708
12.8294
12.8032
13.0906
12.7546
13.1784
12.9544
13.0275
13.0332
12.7529
12.8847
13.2408
13.1098
13.0175
13.0673
12.8328
12.8585
12.8197
13.1305
13.1679
12.8615
13.1156
13.0067
13.2729
12.8411
12.3616
12.6267
12.6937
12.8989
12.7924
13.2107
12.9676
12.8813
12.7639
12.7949
13.2167
12.8209
12.6754
12.408
13.0756
13.1882
12.7136
13.1522
12.8891
12.8728
13.1881
12.7049
13.2074
13.1043
12.969
12.9573
13.1848
13.3695
12.824
12.9758
13.3829
12.7466
13.0044
12.8369
13.1407
12.8596
12.8582
13.0097
12.738
12.6629
13.0582
12.8235
12.5158
13.2327
12.8605
13.076
12.7475
13.1234
12.8629
12.839
13.1054
12.8302
12.8348
12.9438
13.1516
12.6896
12.3321
12.6405
13.131
13.1925
12.8255
13.0537
13.3398
13.1657
12.8503
13.1229
12.8276
13.3054
12.617
13.105
12.7069
12.904
13.0628
12.685
13.1523
13.2874
12.6669
13.3639
12.8164
13.1564
13.0113
12.9688
12.6613
13.0851
12.8496
12.7278
13.0223
13.2212
12.6325
12.7598
12.7214
13.0494
12.9122
12.7554
12.9094
12.8829
12.3647
12.7076
13.1084
13.1298
12.8524
13.0512
12.8745
12.8518
12.7752
12.5956
12.9883
13.1164
13.0592
13.4611
13.0645
13.1555
12.7535
13.3991
12.752
12.6073
12.6969
12.3651
12.7416
13.0571
12.9743
12.6993
12.8047
13.0658
13.1214
12.9072
12.8788
12.9511
12.7651
12.7906
12.7072
13.347
12.867
13.0615
13.1715
12.5362
12.5814
12.869
12.9419
12.7697
12.898
12.575
13.2907
12.7613
13.1806
13.1695
13.2335
13.2616
13.048
12.9108
12.6075
12.8573
13.406
13.3689
13.1825
13.0843
12.7686
12.9492
12.6617
12.8237
13.3173
12.6881
13.0082
12.7577
12.7528
12.7764
12.4178
12.557
12.8563
12.5563
12.7501
12.3571
13.3446
12.8062
12.9138
13.0982
13.2183
13.0521
13.1466
12.9735
13.3348
13.2193
12.8006
12.9175
12.9481
13.1706
12.8613
12.8309
13.3302
12.3852
12.5906
12.6337
12.6153
12.8177
13.0327
12.5438
12.469
12.6324
12.7193
13.1219
12.6252
13.3117
12.7627
13.0015
13.303
13.0091
13.1093
12.4721
12.6733
13.0758
12.9856
12.3161
12.9304
12.4572
12.8833
12.615
13.315
12.7872
12.7782
13.3147
12.8181
12.975
13.2758
12.7856
12.6009
12.6184
12.7682
13.1702
12.8756
12.6648
12.8162
12.7558
12.7253
12.9071
12.7577
12.8503
13.2142
13.1278
12.7293
12.281
13.08
13.005
13.2546
13.0003
12.7895
12.5755
12.9775
12.8586
12.8366
12.8251
12.991
12.4508
13.4153
13.1927
12.6395
12.8987
13.2579
12.8892
12.5817
12.7071
12.7787
13.2603
13.0197
12.662
12.8574
13.0363
13.3376
12.7199
12.8202
12.9392
12.9246
12.824
12.8298
13.0765
12.9496
13.401
12.615
12.8399
13.489
12.6604
13.0464
12.6643
13.1409
12.8612
12.8187
13.0516
12.9689
12.8557
13.1464
12.7136
12.7652
12.6846
13.0757
12.9465
12.8788
12.6609
12.3837
13.2349
12.6311
13.0407
12.9452
13.1493
12.8896
12.9137
12.5426
12.7643
12.8656
12.6889
13.1878
12.9414
12.588
13.2981
12.4765
12.8499
13.1645
12.8786
13.0301
13.3728
12.669
12.7227
13.2134
13.2005
12.7735
12.6618
13.0422
13.2015
12.886
13.1705
12.4132
13.1588
12.6746
12.8402
12.946
13.1348
12.8257
12.7632
13.0672
12.3315
13.0099
12.6708
12.8459
13.0067
13.0135
12.801
12.6768
12.8982
13.1128
13.0417
13.1882
12.9332
12.691
13.1719
13.3132
12.9767
12.9953
13.0869
12.922
12.9345
13.1452
12.8378
12.7176
12.9278
13.1188
12.9292
12.8558
12.9514
12.8556
12.9151
13.0726
13.2963
12.9087
12.9606
12.8447
13.1396
13.0712
12.7591
12.6733
12.7626
12.9466
13.0755
13.0522
12.7459
12.7344
12.7464
12.7973
13.0105
13.2096
12.9933
12.4692
12.7066
13.1713
13.0055
12.8849
12.9363
13.0653
12.9481
13.2344
12.7553
12.9669
12.809
13.1606
13.2851
13.1598
13.0586
13.1795
12.7793
13.1503
12.7178
12.7096
13.1192
12.7562
12.6029
13.1633
12.6252
13.5046
13.1222
13.1283
12.6894
12.8557
13.4654
12.8556
12.9432
13.0087
12.9506
12.6819
12.9848
13.2275
13.2093
12.9628
12.924
12.71
12.644
12.2696
12.9679
13.471
12.2738
13.0938
13.0966
13.2323
12.5897
13.1785
12.9378
13.3515
12.2583
12.9891
13.0086
13.0316
12.752
13.179
12.906
13.2465
12.4744
12.7489
12.6391
12.8001
12.7941
13.0429
12.7832
12.8861
12.758
13.0066
12.9398
12.5071
13.1342
13.2269
12.9594
12.9644
12.4567
13.0017
12.7831
13.0391
12.8886
12.8559
13.1096
12.6528
12.8637
12.7727
12.9912
12.7277
12.8301
12.6339
13.1028
12.8204
12.8334
12.7693
12.7521
12.9493
12.5926
12.7973
12.9114
12.9204
12.9579
12.5378
12.7068
13.1916
13.1281
12.9273
12.9144
12.8376
12.6876
12.7925
12.8989
13.014
12.6636
12.8089
12.6861
12.6586
12.5958
13.0371
12.7538
12.8972
12.9922
12.8446
12.8853
13.0261
12.744
13.0558
13.0511
12.8122
12.9425
13.2357
13.3597
13.0562
12.7492
13.0122
12.8024
13.2232
12.806
12.8469
12.9373
12.6373
12.849
12.9463
13.0307
13.0539
13.3096
12.9412
12.6257
12.8742
12.8701
12.8664
12.8706
12.6649
12.6692
13.007
12.9139
13.0715
13.5562
13.1578
13.0173
12.5519
12.6634
12.9319
12.6182
13.6931
13.0763
13.123
13.1952
13.093
12.9479
12.9708
12.6604
13.1098
12.8727
12.9828
12.7202
12.9327
12.92
12.6595
13.1538
13.1866
12.7592
13.2507
12.9022
12.589
12.6969
12.971
12.5322
12.673
12.8653
12.5087
12.8238
12.5558
12.2765
12.8472
12.4378
12.9616
13.3082
12.6094
12.8829
13.1966
12.8544
12.9227
12.6093
12.3962
12.8455
12.9791
13.1014
12.8871
12.6757
12.7447
12.88
13.1239
12.8048
13.5907
12.679
12.7467
12.6851
12.9173
12.9557
12.1334
12.8669
12.8235
13.1242
12.7193
12.9608
13.1739
12.8595
13.3179
12.8392
13.1282
12.7102
13.0042
13.0052
12.6649
12.6878
12.7978
13.1942
13.0245
13.1005
13.054
12.8612
13.3213
12.9422
12.921
13.1591
12.9899
12.6267
13.5008
12.6091
13.3636
13.053
12.4328
12.8614
12.9105
12.8723
12.5426
12.8095
13.0916
12.829
12.5592
13.1426
12.6075
12.749
12.9744
13.3844
12.9579
12.7914
12.4657
12.7803
12.3989
12.9451
12.8125
12.4555
12.8998
12.6525
13.1321
12.7405
12.8324
12.9753
12.6979
13.2038
12.6007
12.8516
12.883
12.291
12.9153
12.928
12.7783
12.8778
12.8182
12.6968
13.4289
13.0834
12.9084
12.832
12.858
13.0035
12.382
13.024
13.0114
12.989
13.1202
12.8249
12.9565
13.3256
12.8808
12.7767
12.8395
12.6781
13.0142
13.0446
12.8823
12.8245
12.7947
12.882
13.0584
12.7133
12.8976
12.9749
12.6536
12.9607
12.8152
12.5765
13.1583
12.8196
13.0614
13.2908
13.0496
12.945
12.9062
12.8581
13.0233
12.966
12.5758
12.4469
12.5938
13.0663
12.9949
13.2992
12.7922
12.9907
12.9408
12.8724
13.2953
13.108
12.8582
12.942
12.479
13.2035
12.8932
12.918
13.0625
12.9727
13.0216
12.8732
12.8789
12.9011
12.7919
12.8679
12.5023
12.981
12.7244
13.0485
12.9987
13.0532
12.5046
12.6854
12.951
12.8943
13.0934
12.7608
12.8687
12.6709
13.1204
12.6805
12.9016
12.8583
12.5107
13.0216
12.7504
12.7343
13.0754
12.785
12.8617
13.1632
13.2214
13.1138
12.739
12.7196
13.2025
12.643
13.1057
12.7494
13.0527
12.5681
13.0183
12.5831
13.0301
12.9831
12.6952
12.8626
13.3788
13.0198
12.5985
13.0162
13.0808
12.9632
13.2484
13.0301
12.6733
12.9488
13.0863
12.78
13.1354
13.002
12.5669
12.9966
13.0736
12.8816
12.8287
12.2803
13.1315
12.9332
13.1807
12.7839
12.6808
12.6747
12.883
12.5414
12.7208
12.9446
12.5895
12.9346
13.021
12.8698
13.0633
12.7129
12.6442
13.0394
13.1783
13.2034
13.0381
12.9607
13.1363
12.872
12.7564
12.6631
12.8025
12.7526
12.6544
12.8523
13.0823
12.9675
13.0566
12.7974
12.6273
13.6233
12.7349
12.6752
13.1688
12.6347
12.8973
13.4788
13.0585
12.6721
13.3244
13.6546
13.2447
12.8515
13.13
13.315
12.7322
12.6322
12.773
12.6578
12.8787
12.7114
13.0717
12.7537
13.3089
12.8542
12.7639
13.316
12.6198
12.4349
12.4864
13.152
12.8236
13.1276
12.8787
13.1476
13.0608
12.5142
12.7413
13.1548
12.8847
12.5323
13.2446
12.774
13.0307
12.8334
13.0936
13.0124
13.3435
12.9545
12.8842
12.568
13.2406
13.0288
13.2008
12.9323
12.825
13.2321
12.8543
12.6831
12.8922
12.8775
13.3768
12.8626
12.7555
12.6808
12.7401
13.0524
12.8487
12.8767
12.6335
13.1326
12.6487
12.7973
12.7831
12.6474
12.4936
12.6387
12.5242
12.8908
12.7331
12.6937
13.2425
13.0366
12.8443
12.3689
12.6448
12.5768
12.9047
12.9123
12.7849
12.3276
12.7381
12.8776
12.6422
12.8067
12.7751
13.3503
13.074
12.9452
12.7492
12.4525
12.842
12.7047
12.6397
12.649
12.908
13.0992
13.1362
12.8359
13.1989
13.1243
12.8742
12.893
12.6446
13.3216
12.7143
13.1271
12.8781
13.0508
12.6391
12.7603
12.7038
13.2342
12.7129
12.9952
12.6094
12.9018
12.6884
12.7722
13.0154
13.0455
12.9278
12.8207
12.8642
12.7031
13.267
12.5744
13.1442
13.2536
13.259
12.3669
13.1322
12.7109
12.7525
13.0735
12.8697
12.9664
12.721
13.2834
12.6168
12.9949
12.4822
12.9984
12.6041
12.9178
12.8094
12.9934
13.0552
12.9782
12.5172
12.9263
12.9541
12.9641
12.8473
12.3865
12.7828
13.0467
12.6708
12.8181
12.7046
12.9822
13.1511
12.9744
12.7619
13.0491
12.7355
13.082
13.2119
12.9243
13.1039
13.3413
12.7856
12.8488
12.6649
13.0578
13.1856
12.7198
12.7303
12.5809
12.5289
12.8831
13.009
12.8503
12.774
13.2914
12.5336
12.9254
12.654
12.5451
12.5505
13.0674
13.1857
12.6347
13.1519
12.7124
12.6911
13.2553
13.0503
13.0221
12.9454
12.6665
13.0368
13.0327
12.9672
12.5583
13.0638
12.8583
12.7231
12.7673
13.0343
12.5175
12.9449
12.7857
12.9623
12.6425
13.0325
12.6579
13.1048
12.9883
12.9149
13.4761
12.9087
13.1377
12.9529
12.6625
12.2314
12.7909
12.9329
12.7648
12.7563
12.4397
13.1258
12.9747
12.8624
13.0338
13.2811
12.6487
12.5782
12.6122
13.254
12.7799
12.848
13.2242
12.7012
13.2034
12.9057
12.6256
12.7617
12.9278
13.0771
13.0486
12.751
13.0209
12.9891
12.7909
12.829
13.0377
13.0391
13.1534
13.0323
12.3948
13.2098
12.882
13.1222
12.8904
12.6626
13.0274
12.9986
13.2044
12.5197
12.8059
12.7984
12.9986
12.7053
12.9181
12.7806
12.9126
12.7511
12.9432
12.7965
12.7968
12.4119
13.0106
13.3577
12.7387
12.7285
12.9716
12.5449
13.1209
12.9304
12.9455
12.7919
12.738
12.6504
13.4185
12.7877
12.9562
13.1433
13.2934
12.8442
13.0676
12.6822
12.2138
13.1294
13.1787
13.1254
12.893
13.2221
13.072
12.901
12.9077
12.4708
12.918
12.7311
12.8188
12.9831
12.7264
12.9853
12.7801
12.658
12.8846
13.0845
12.7651
13.0116
12.5019
12.7949
13.166
13.2524
12.4902
13.1644
12.979
12.6147
12.6011
12.97
12.7923
12.6931
12.8418
13.2916
13.178
12.9954
12.8163
12.813
12.548
12.7582
12.7619
13.2737
12.403
12.8646
12.7528
12.9894
13.1055
12.3789
12.9719
13.0526
12.7823
13.0896
12.6094
12.7394
13.0763
12.756
13.018
13.2816
12.7773
12.9237
12.886
12.6029
12.5587
13.1187
13.102
12.6269
12.9384
13.0424
12.941
13.1355
13.0401
13.1756
13.0305
12.8979
12.7624
13.2629
13.197
12.9091
12.6417
12.897
13.0548
13.3454
12.8962
12.9456
12.646
13.101
12.8211
13.1262
12.5539
12.7617
12.6361
13.034
13.2896
13.0107
12.4932
13.0434
12.3723
12.651
12.816
12.8761
13.0204
13.1979
13.1609
12.5046
13.0291
13.1819
12.7372
12.6077
12.9994
12.9944
13.3329
13.3255
12.8403
13.0403
13.0394
13.0175
12.6568
13.1764
12.8191
12.8814
12.6434
13.3334
12.6613
13.1808
12.8367
12.5236
12.9031
12.6523
12.9015
12.8258
12.8428
12.9966
12.8782
13.0824
13.0303
13.0816
12.9808
12.7626
12.8202
13.1986
13.0967
13.3414
12.7046
13.0583
12.9017
13.2324
13.1678
12.9137
12.9155
13.1988
12.8312
12.7661
12.5672
13.1504
13.3772
12.6737
12.9175
12.9595
12.7592
12.8067
12.8303
13.0783
13.1367
12.9388
13.3138
12.7173
12.8746
12.5725
13.3025
13.0034
12.9074
12.8305
12.5457
12.8377
13.1893
12.9278
12.3955
13.1469
12.4744
12.9865
12.537
12.5446
12.6954
12.8489
12.6672
13.1695
12.6092
12.7716
13.0223
12.9418
12.8896
12.8825
13.2128
12.9088
12.7367
13.225
13.1625
12.7656
13.0045
12.7299
13.2645
12.7699
12.8903
13.2011
13.1499
12.6392
12.9035
12.9032
12.8979
13.0068
13.0711
13.0875
13.2047
13.2878
13.0499
12.8623
12.8197
12.9144
13.0456
12.9712
13.807
13.0286
12.6918
12.6948
13.4573
12.6498
12.8374
12.5133
12.7622
12.6843
12.5832
12.8634
12.896
13.1432
13.0701
13.2273
12.9569
12.6288
13.1963
13.0861
12.6935
12.6569
13.1459
13.0772
12.9175
12.9511
12.825
13.1382
12.7174
12.9604
13.2055
12.9175
13.2876
12.9053
12.987
12.7589
12.6325
12.8357
13.0603
13.0887
12.7267
12.944
12.4515
13.4256
12.8152
13.0092
12.7823
12.9147
13.1497
12.8398
12.8133
13.3402
12.7558
13.0409
13.1092
12.8979
12.4057
13.2042
13.0503
13.5609
12.8654
12.9444
13.0657
12.6965
12.6611
13.0789
13.2072
12.8895
13.2717
12.8378
12.6088
12.4975
12.6674
12.7793
12.9883
12.8234
13.0186
12.8534
13.1151
12.6319
12.9732
12.5038
13.2192
12.8742
13.0918
13.3593
12.9691
12.8427
12.7494
13.0807
12.8847
13.0899
12.5622
12.7018
13.0069
13.211
13.0986
12.6893
13.0179
12.9717
12.9018
13.2652
13.0793
13.4677
12.9055
12.9232
12.8554
12.7525
12.7757
12.7911
12.9064
13.0467
12.6807
13.1408
12.971
13.0635
12.9665
12.3062
12.8986
13.1379
12.6529
12.5726
13.0714
12.5888
12.8312
12.7621
12.784
13.1774
12.6408
12.4946
12.9807
13.0057
12.8737
12.9599
12.5819
12.8027
13.2276
12.6816
12.7817
12.9837
13.3315
12.6115
13.0675
13.139
12.6284
12.5207
12.6462
13.0334
13.0996
13.2305
13.054
13.0995
13.0089
13.0729
12.5482
13.2853
13.1518
13.0686
12.7479
12.6357
13.0382
12.7932
12.8621
12.9323
12.7282
13.0813
12.4315
13.4267
12.7273
12.9024
13.0998
12.9449
13.1528
13.2572
13.1474
12.7063
12.9918
13.365
12.938
12.9958
13.0812
13.3185
12.7707
13.2903
12.4708
12.959
12.9139
12.7794
12.9261
12.9924
12.8861
12.8528
13.4926
12.8477
12.8165
12.9463
12.7746
13.2016
13.0873
12.6799
12.3627
12.946
13.2411
12.6345
12.7635
13.3207
13.1404
13.123
12.7701
12.5992
13.4852
13.0851
12.5112
12.9519
13.012
12.9327
13.0541
12.6218
12.7038
12.4305
12.8288
12.7151
12.821
12.8263
12.8862
12.9232
13.1124
12.9715
12.874
12.8202
13.0717
12.736
12.9503
12.9104
12.5181
12.725
12.9794
12.746
12.7436
12.5473
12.8827
13.0511
13.0224
12.5519
12.6402
13.3841
12.7243
12.7858
13.0585
12.4165
12.718
13.1796
13.0001
13.3264
13.0525
12.8373
12.9313
13.549
12.4099
12.8631
12.9414
12.9326
13.0771
12.4926
12.9281
12.6054
12.6064
12.5788
13.3
13.1422
13.2388
12.8636
13.0964
12.7732
12.9429
12.9682
12.8755
12.9223
12.9851
12.8465
12.8588
13.0839
12.6336
12.6741
12.7209
12.9693
13.0772
12.7858
12.6945
12.8936
13.0917
12.8482
12.6
12.9899
13.0084
13.0835
13.0815
12.5465
12.7933
12.5758
12.8012
12.826
13.1361
12.9237
12.8299
12.5739
13.1024
13.1175
12.8216
13.0366
12.6829
13.1269
12.7709
12.9001
13.047
13.3224
12.8076
12.7834
13.4343
13.2482
13.03
12.4632
12.3476
13.093
12.6897
13.1056
12.7316
12.7283
13.0547
12.8219
13.0215
12.9289
13.0559
13.0345
13.0003
12.922
12.8132
12.7434
12.7346
12.344
12.7804
12.605
12.9108
12.9557
12.7197
12.5959
13.2793
12.2723
12.5463
12.7843
12.923
12.9515
12.8193
12.8583
12.9617
12.7441
12.3516
12.4326
13.1196
12.6422
13.1783
12.2207
13.2685
13.0688
12.7417
12.9136
12.9568
12.7614
12.5718
12.9387
13.2595
12.5512
12.9644
13.0984
12.8234
12.7893
13.0725
13.0339
12.812
13.7122
12.8845
12.6283
13.1562
13.0791
13.079
13.0967
12.7966
12.997
13.126
12.7443
12.7334
12.9911
12.6571
13.042
13.1975
13.0699
13.2839
12.7334
12.2635
12.9759
12.985
12.6408
12.5987
12.922
13.0074
12.8637
13.3191
12.9279
12.9394
13.2209
12.7203
12.9346
13.0598
12.6581
12.8875
13.0885
12.4815
12.9536
12.9822
12.9374
13.1184
12.6881
13.3134
12.9346
13.036
12.9271
12.7726
12.9788
12.8403
13.2334
13.1577
12.8049
12.9819
12.6198
12.7555
12.8838
12.8971
13.1498
12.8076
13.1415
13.2137
12.8357
13.022
12.871
13.1869
12.8544
13.0949
12.7504
12.9719
13.5621
13.0142
13.4732
12.816
12.8703
12.7543
13.1705
12.8996
13.1459
12.6396
13.0766
13.0041
12.3544
12.7847
12.8676
13.1109
13.1079
13.0283
13.0861
12.4493
12.3098
12.9619
12.6931
12.6914
12.5715
13.163
12.4675
12.7024
13.2001
13.2265
12.8292
12.1892
13.0746
13.0011
12.8599
12.6452
13.0747
12.8603
12.9982
12.9604
12.4772
12.8502
13.4143
13.0837
12.888
13.0081
13.117
12.5215
