18.4984
18.0384
18.0083
18.3076
18.2381
18.2154
18.3915
17.5921
18.6033
18.7468
18.4798
18.6151
18.1005
17.8642
18.3451
18.1586
17.9533
18.1524
18.3866
18.2736
18.8309
17.9596
18.1099
18.3906
18.1644
18.3226
18.1153
18.2891
18.6077
18.1309
18.4655
18.3657
18.1995
17.8946
18.0731
17.8569
18.052
18.4804
18.3
18.307
18.682
18.5223
18.4012
18.076
18.2553
18.1171
18.5478
18.2682
17.9306
17.9984
18.5252
18.0527
18.076
18.0985
18.8327
18.5876
18.1682
18.7065
18.1959
18.2432
18.2244
18.3075
18.1643
18.251
18.2042
18.4268
18.3408
18.0239
18.4852
18.2339
17.8169
18.2036
18.3212
18.2642
18.3909
17.9948
18.3596
17.91
18.2114
18.6953
18.209
18.0645
18.373
18.0227
18.3513
18.3566
18.27
18.0339
18.4526
18.3592
18.5785
18.2814
18.3957
17.9731
18.715
18.2478
17.7053
18.0462
17.9785
18.3016
18.182
18.5424
18.3098
18.377
18.1271
18.1793
18.361
17.9132
18.1811
18.041
18.3387
18.4639
18.0499
18.1442
18.3021
18.07
18.3898
18.6033
18.3734
18.2079
18.0807
18.4764
18.2268
18.1972
18.3065
18.3821
18.4283
18.2913
18.4981
18.2859
17.6995
18.3088
18.2339
18.3863
18.0204
18.1305
18.4651
17.9268
18.5054
18.1287
18.3231
17.718
18.3786
18.1243
18.198
17.6918
18.0497
18.194
18.1719
18.1557
18.0806
18.0795
18.4834
18.6597
17.9367
18.2114
18.3479
18.6014
18.4884
18.65
18.1402
18.128
18.1961
18.3289
18.351
18.2053
17.7458
18.0889
18.3936
18.4731
18.457
18.4131
18.6122
18.1236
18.0435
18.2202
18.1532
18.4775
18.2836
18.406
18.2749
18.0256
17.885
18.2709
18.1776
18.2043
18.1899
18.0614
18.6023
18.1981
18.6413
18.2642
18.9891
18.5745
18.769
18.4163
18.0921
18.2979
18.7043
18.3878
18.2542
18.5508
18.2306
18.1761
18.3267
18.243
18.1085
18.0918
18.0599
17.8747
18.0686
18.6302
18.3154
18.4206
18.1926
18.1409
18.1571
18.4976
18.1021
18.4353
18.2279
18.6644
18.5334
17.9779
17.7542
18.1038
17.7317
18.1749
18.3262
18.2945
18.1437
18.0325
17.7119
18.467
18.4544
18.2271
18.421
18.3756
17.953
18.7073
18.0934
18.2456
18.5721
18.3128
18.5077
18.455
17.9546
18.2252
17.9374
18.1398
18.0203
18.1973
18.4404
18.5884
18.5279
18.4618
18.1559
17.9298
18.4325
18.1614
17.8321
17.8752
18.0988
18.324
18.5201
18.2919
18.2589
18.4175
18.3478
18.3101
17.7668
18.2991
18.5902
18.0959
18.1827
18.1511
18.31
18.3398
18.666
18.3238
18.7952
18.1564
18.0552
18.442
18.2098
18.2029
18.2424
18.317
18.4853
18.1738
18.4076
18.8156
18.0101
18.5932
18.524
18.5119
18.0596
18.3429
18.5794
18.5031
18.0469
18.3059
17.8425
17.7907
18.1348
18.5503
18.7489
18.3905
18.0682
18.3375
18.3286
18.4135
18.5708
18.0451
17.9802
18.1693
18.2483
18.536
18.0909
18.0777
18.397
18.1666
18.1303
18.4222
18.1265
18.4227
18.2068
18.07
17.873
18.4144
18.4547
17.9788
18.1447
18.1997
18.1147
18.4577
18.5535
18.1653
18.3075
18.1799
18.0591
18.301
18.2179
18.412
18.6971
17.863
18.0697
18.0363
18.3116
18.1089
18.256
18.293
18.3475
17.9713
18.3365
18.197
18.2323
18.1339
18.1065
17.9889
18.2402
18.4637
18.5011
18.806
18.098
18.0886
18.3736
18.1236
18.1778
18.0167
18.5842
18.051
17.9034
18.162
17.8118
18.1022
18.1426
18.603
18.4396
18.108
18.4964
17.9984
18.8734
18.1285
18.5575
18.3274
18.3762
18.4905
18.2241
18.4662
18.1092
18.1906
17.9578
18.8162
18.291
17.9286
18.5188
19.125
18.3808
18.6402
18.6675
18.2418
18.4351
17.9257
18.0513
18.2753
18.3872
18.2523
18.1522
17.8559
18.2406
18.5815
17.8483
18.4533
17.7299
17.9555
18.1912
18.4926
17.8297
18.6855
18.3555
18.2006
17.8893
17.8843
18.4034
18.1124
18.4435
18.3812
18.3098
18.8062
18.4243
18.1232
18.6424
18.3777
18.1986
17.9443
18.6167
18.2368
18.0164
18.5683
18.3738
18.5146
18.3885
18.249
18.1191
18.6074
18.2381
18.0915
18.3077
18.2152
18.2139
18.217
18.2432
18.0978
18.5822
18.0282
18.3527
18.5588
18.5475
18.2769
18.4472
18.3512
18.3892
18.4194
18.146
18.4875
18.7303
18.0679
17.9502
18.2593
18.1962
18.0162
18.1297
18.2507
18.4203
18.3554
17.8849
18.3226
18.1425
18.8092
18.1246
18.2699
18.1732
18.1198
18.0813
18.4775
18.1389
18.2158
18.5509
18.6455
17.9869
18.3201
18.4497
18.0639
18.1005
18.0354
18.2894
17.9512
17.8689
17.9135
18.3528
18.0109
18.4154
18.2854
18.3724
18.1533
18.4277
18.5761
18.2326
17.8212
18.1733
17.5723
18.0204
18.3471
18.0851
18.1856
18.4007
18.7135
18.4924
17.8279
18.0717
18.4486
18.3103
18.5131
18.0267
18.2569
18.471
18.1715
18.224
18.5586
18.5536
18.6647
18.3378
18.365
18.2849
18.2637
18.1511
18.7351
17.9521
18.1372
18.1169
18.1488
18.0992
18.42
17.992
18.4848
17.8188
18.3851
18.2317
18.2513
18.4284
18.2064
18.3595
18.3181
18.3295
18.4179
18.7985
17.8908
18.3691
18.23
18.0266
18.181
18.2963
18.545
18.1473
18.3694
18.4299
18.1582
18.688
18.6264
18.0433
18.299
18.0691
17.8844
18.3123
18.1673
18.0765
18.0842
18.418
18.4071
18.0907
18.2012
18.3338
18.0177
18.4544
18.5526
18.3234
17.971
18.3321
17.9688
17.8638
18.509
18.3019
18.3867
18.1502
18.4289
18.0883
18.0367
18.3526
18.368
18.6398
18.1742
18.3989
18.4485
17.8687
18.0745
18.1269
18.4243
18.1652
18.2236
18.5908
18.3785
18.3458
18.4428
18.2069
18.0708
18.2022
18.4903
18.6657
18.5751
18.1129
18.1988
17.8798
17.9728
18.1651
17.9405
18.1203
18.7843
18.4973
18.5431
18.3911
18.1722
18.3045
18.1216
18.2669
18.5717
17.9099
18.0719
18.0982
17.9742
18.469
18.0827
18.4595
18.2367
18.3269
18.1303
18.0699
18.6989
18.3246
18.1575
18.1374
18.7359
17.9836
18.2073
18.4378
18.2394
18.0153
17.9637
17.8267
18.3661
18.0138
18.1687
18.2337
18.2531
18.2043
17.9711
18.0025
18.4191
18.2875
18.4199
17.8656
18.7313
18.0586
18.5016
18.0192
18.4377
18.4766
18.4441
17.7989
18.0537
18.2363
18.0663
18.5002
18.1321
18.3884
18.1949
18.0653
18.0521
18.3496
18.4657
18.5491
17.8044
18.0599
18.3129
18.3376
18.3127
17.6461
18.0992
17.9259
18.2558
18.4567
18.0471
18.5472
17.8499
18.3307
18.4223
18.3753
18.731
18.099
17.9533
18.6998
17.8659
18.3913
17.7393
18.1221
18.4756
18.3114
17.9392
17.7267
18.0065
17.7902
18.028
18.4905
18.4525
18.501
18.4092
17.7737
18.0989
18.1994
18.4183
18.5081
18.8173
18.0068
17.8213
18.3948
18.4186
18.1532
18.5982
18.375
18.3122
17.9886
18.2815
18.5629
18.2997
18.0937
18.3264
18.2924
18.1592
18.1935
18.0581
18.324
18.3277
17.687
18.5461
17.9481
18.303
17.8384
18.3789
18.2475
18.124
17.7736
18.3866
18.4347
18.1902
18.2573
18.2388
17.5233
18.1263
18.378
17.8903
18.3305
18.4446
18.098
18.0762
17.8432
18.3245
18.0068
18.0694
18.338
17.9501
18.0441
18.4569
18.5901
18.0975
18.1191
18.3254
17.9984
18.0517
18.3408
18.2021
18.8017
18.409
18.389
18.6161
17.8018
18.0866
18.4251
18.0075
18.5741
18.0719
17.9967
18.3829
18.2717
18.6574
17.8833
18.4313
18.1613
18.2221
18.5159
18.3911
18.1193
18.0743
18.4335
18.2622
18.5392
18.4732
18.4173
18.4858
18.3398
18.2943
17.8142
17.9616
18.2914
17.6995
17.7941
18.1352
18.3867
18.7654
18.1688
18.0191
18.2679
18.3198
18.5151
18.4599
18.6451
17.9915
18.2541
18.0833
17.9498
18.6569
18.472
18.2555
18.2465
17.9596
18.2003
18.1973
18.3992
17.9015
18.5077
18.4052
17.8857
18.573
18.4059
18.1779
18.9104
18.114
18.0862
17.9293
17.9282
18.2593
18.5666
18.3573
18.4984
18.2469
18.076
18.1469
18.3855
17.9963
19.2968
18.5127
18.1542
18.1504
18.2459
18.2178
18.2351
18.6901
18.2552
18.0918
18.5011
18.1057
18.8188
18.6467
18.7813
18.4537
18.4629
18.2458
18.206
18.3134
18.177
18.0606
17.7918
18.224
18.4771
18.2492
17.8616
18.3204
17.988
18.4477
18.1256
18.5429
18.093
18.3795
18.3049
18.0258
18.2347
18.3352
18.1929
18.2819
17.9364
17.9183
18.4518
18.1468
18.6964
18.149
18.3704
18.2733
18.025
18.264
18.4833
18.167
18.5187
17.7871
18.1369
18.5058
18.3042
17.7111
17.792
17.9772
17.975
18.3771
18.3137
17.5131
18.1635
18.1513
18.306
17.7842
18.1743
18.1505
18.156
18.3389
17.9904
17.6482
18.3553
18.3534
18.2985
18.23
18.1543
18.1526
18.005
17.978
18.2913
18.0984
18.2117
18.5677
18.5296
18.1349
18.0498
18.0636
18.1377
18.1803
18.3191
17.8658
18.0961
18.6916
18.6363
17.8258
18.3511
18.0732
18.47
18.2223
18.7316
18.5832
18.3564
18.1097
18.3833
18.6468
18.4183
18.7208
18.34
17.9159
18.2819
18.107
18.3775
18.5813
18.0242
18.7835
18.5322
18.1286
17.9146
18.4953
18.7222
18.2455
18.2394
18.2023
18.3286
18.4716
18.2165
18.5093
18.0101
18.1591
18.0182
18.4817
17.9276
18.5824
18.6436
18.3289
18.4898
18.4116
18.0892
18.1043
18.4439
18.2138
18.2152
18.2403
18.5209
18.2479
17.8831
18.1975
18.2877
18.5207
18.2245
18.0839
18.2995
18.1995
18.2004
18.0779
18.4539
18.4509
18.0935
18.5156
18.5456
17.9456
18.1973
18.0567
18.8097
18.1848
18.0655
18.0767
17.9463
17.7811
18.5139
18.226
18.5853
18.1317
17.4294
17.861
18.1472
18.0919
17.9083
18.1294
18.0017
18.1348
17.8528
18.2662
18.3555
18.1324
18.2452
18.0365
18.1043
18.1903
18.1369
18.3087
17.8856
18.7367
17.8635
18.3595
18.315
18.4609
18.1017
18.3261
18.0101
18.3124
18.4525
18.1662
18.459
17.9405
18.1086
18.3163
18.2529
18.0635
18.1012
17.8667
18.2861
17.9806
17.9777
18.1503
18.4636
18.4403
18.2403
18.4474
17.9538
18.6989
17.213
18.5657
18.2436
18.4437
18.5289
18.1929
18.1889
18.3238
17.914
18.8309
17.833
18.4749
18.4677
18.3101
18.0393
18.2148
18.2454
18.1816
17.8581
18.1405
18.15
18.3386
17.9689
18.0712
18.0358
18.477
18.3306
18.7701
18.4605
18.2518
18.3322
18.5874
18.5087
18.4568
18.0173
18.3578
17.9949
18.4545
18.2316
18.2119
18.2125
18.2689
18.1337
17.9793
18.324
18.3956
17.9996
18.3847
18.0273
18.4537
18.5138
18.0088
18.4418
18.2731
18.1965
18.2549
18.08
18.3724
17.9368
18.1637
18.7212
18.3173
18.9361
18.1466
18.2337
18.363
18.4464
18.3661
18.5614
18.1453
18.3906
18.4048
18.3638
18.4262
18.1275
18.1453
18.1368
18.4371
18.4366
18.1601
18.5534
18.1125
18.2173
18.2005
18.4934
18.2561
17.989
18.3885
18.2164
18.0362
18.351
18.5706
18.0856
17.8548
18.4682
18.3832
18.3668
18.695
18.3755
18.8231
17.8592
18.3432
17.9894
18.1198
18.2654
18.1967
18.0446
18.4524
18.5186
18.7119
18.5003
18.4385
17.8769
18.1823
17.9144
18.6749
18.5235
18.7183
18.4597
18.2254
18.0506
18.1778
17.9261
18.6062
17.7951
18.5184
18.336
17.6514
18.118
17.8378
18.2444
18.1812
18.5295
18.1445
18.3675
18.0455
17.9168
18.6022
18.1017
18.5542
18.4768
18.1476
18.1856
17.927
18.1711
18.0451
18.0671
18.428
18.0666
18.2536
18.8317
18.3842
17.9169
17.877
18.622
18.6541
18.3165
18.5525
18.3242
18.4857
18.0374
18.2705
18.1533
18.618
18.0102
18.2811
18.0437
18.2805
18.2347
18.1334
18.2681
18.5042
18.4546
18.1258
18.0607
18.3783
18.0462
18.2836
17.9025
18.936
18.3149
18.5725
18.403
18.1955
18.2476
18.4756
18.4776
18.7142
18.0468
17.9876
17.5195
18.1576
18.2372
18.2652
18.4968
18.3329
18.3526
18.2424
18.4976
18.1601
18.3112
18.1169
18.0545
18.0209
18.3323
18.3644
18.3474
18.0999
18.1828
18.4033
18.4871
18.0308
17.9719
18.5213
18.1812
18.4073
18.1925
18.157
18.6392
18.5329
18.3685
18.6566
18.4293
18.2185
18.3654
18.3566
18.2987
18.3599
18.2875
18.4174
18.182
18.3005
18.3459
17.5344
18.3611
18.0058
17.6606
18.2265
18.0328
18.2386
17.9384
18.7638
18.0223
18.1148
18.4194
18.2491
18.3005
18.5274
18.0821
18.1779
18.1462
18.3546
18.3048
18.2281
18.4451
18.0862
18.328
18.3573
18.4143
18.3451
18.1311
18.2548
18.4991
18.296
18.4894
18.2895
18.2148
18.4445
17.8482
18.1917
18.7122
18.5146
18.342
18.5559
18.3257
18.2271
18.5586
18.696
18.392
18.6168
18.373
18.1837
18.5003
18.6567
18.2544
18.4045
18.3584
18.6135
18.4436
18.2942
18.0927
18.2311
18.4062
18.073
18.2747
18.0993
18.3242
18.6444
18.2268
18.0298
18.1016
18.5709
18.2631
18.4027
18.2674
18.2517
18.3528
18.388
18.0031
18.4514
18.4537
18.46
18.182
18.1891
18.2099
18.2287
18.377
17.8356
18.6239
18.2733
18.4572
18.4106
17.9844
18.4231
18.4747
18.2757
18.4163
18.29
18.4364
18.293
18.3201
18.1476
18.015
18.0882
18.289
18.5757
18.4331
18.424
18.2227
18.5684
18.4548
18.5684
18.169
18.0339
18.0719
18.3156
18.067
18.7768
18.6456
18.1678
18.3355
18.2163
18.0671
18.3714
18.2825
17.8247
18.2285
18.2566
18.1025
18.2801
18.0203
17.9598
18.0956
18.2473
18.6307
18.4153
18.2642
18.1375
17.8392
17.9978
17.8094
18.3777
17.9553
18.4863
18.2348
18.6197
17.9636
18.4025
18.073
18.5368
17.9607
18.2803
18.3859
18.3001
18.1938
18.1438
17.954
18.1963
18.5274
18.3647
18.1706
18.037
18.3762
18.1939
18.4594
17.9856
18.3647
18.2563
18.012
18.2731
17.9332
18.0608
18.5163
18.5183
18.035
17.9445
18.3247
18.3549
18.2855
18.3832
18.1816
18.3553
18.4067
18.4168
18.2619
18.3247
17.9302
18.5607
18.1309
18.4509
18.1693
18.1182
18.3524
18.205
18.0616
18.3083
18.3429
17.6344
18.0938
18.152
18.3668
17.7858
18.1184
18.2319
18.6775
18.1845
18.2098
17.9898
18.1575
18.1207
18.149
18.5488
18.3753
17.9397
17.9789
17.9442
18.3196
18.2785
18.0734
18.4212
18.3881
18.1752
18.092
18.2719
18.1588
18.1224
18.1016
18.2118
17.9213
18.3645
17.9588
18.5419
18.1515
18.2876
18.6015
18.08
18.2683
18.2027
17.9574
18.0765
17.8952
18.3389
18.0574
18.0569
18.4583
18.3152
18.0757
18.7405
18.3357
18.3989
18.0277
18.17
18.0328
18.1703
18.0336
18.1227
18.2507
18.0985
18.2124
18.0483
18.2012
18.2229
18.6117
18.2017
18.0152
18.2134
18.0823
18.0755
18.0514
17.9505
18.536
18.4247
18.3284
18.0787
18.2421
18.2773
18.1367
18.0975
18.3236
18.1195
18.3543
18.1222
18.4052
18.193
17.9806
18.4243
18.4026
18.0425
18.4106
17.8814
18.2138
18.3474
17.8083
18.0466
18.1502
18.455
18.1128
18.199
18.3843
18.7535
18.1885
18.0801
18.3605
18.3348
17.939
17.9752
18.2171
18.418
18.2413
18.0371
17.793
18.4726
18.1395
18.3843
18.4168
18.6082
18.7638
18.4587
18.2446
18.3595
18.1932
18.1434
18.4302
18.0833
18.0995
18.1337
18.304
18.2073
17.9442
18.1831
18.3819
18.6169
18.3588
18.0267
18.4136
18.2835
18.0631
18.1911
18.7127
18.1818
18.151
18.3635
18.2536
18.2594
18.1494
18.5166
18.4577
18.475
18.0167
18.5546
18.421
18.6664
17.9673
18.0315
18.3191
18.3249
18.1286
17.7499
18.1642
18.2066
17.8929
18.2444
18.0853
18.5627
18.4591
18.2052
17.9588
18.4743
17.8987
18.2924
18.2293
18.4143
18.1316
18.1086
18.0681
17.9882
18.5292
18.4565
18.7905
18.1084
17.6379
18.3688
18.289
18.3267
18.0215
18.2438
18.5635
17.9651
18.2083
18.7062
18.3351
18.3867
18.2008
17.7538
17.6462
18.6494
18.3929
17.9748
18.1639
18.4475
18.255
17.7628
18.365
18.5399
18.2223
18.1943
18.6362
18.0924
17.8087
18.2442
18.3311
18.2144
18.0417
18.2372
17.8461
18.1914
18.3198
18.4161
17.8763
18.0331
18.128
18.3778
18.1471
18.3858
18.5453
18.1207
18.261
18.2995
18.0319
17.7483
18.4382
18.0585
18.1893
18.5556
18.4279
18.3528
18.0621
18.2629
18.3197
18.0571
18.3149
17.8904
18.326
18.3415
18.3912
18.0214
18.6281
17.9114
18.4263
18.1476
17.7253
18.6024
18.4777
18.101
18.2572
18.1895
18.514
18.2386
18.0996
18.2668
18.1361
18.5225
18.1547
18.2806
18.3884
18.3628
18.2814
17.9603
18.3109
18.356
18.035
18.0246
18.1792
18.6018
17.9073
18.064
17.9977
18.3355
18.5642
18.2174
18.3601
17.7357
18.0217
18.8013
18.5718
18.2364
18.2669
18.2774
17.8652
17.9559
18.1106
18.5176
18.0745
18.1888
18.1759
18.2791
18.081
18.0581
18.5255
18.0642
18.5272
18.0555
18.4041
18.1521
18.5525
18.1824
18.6116
17.7918
18.5422
18.328
18.3926
18.277
18.2181
18.1131
18.4429
18.1807
18.3965
18.2644
18.4953
18.1065
18.3615
18.2946
18.2891
18.1118
18.4756
18.1369
18.3246
18.2121
18.3352
18.3085
18.3975
18.773
17.8312
18.3605
18.2457
18.7226
18.3755
18.6119
18.1939
17.9989
18.4563
18.623
18.3298
18.3258
18.1893
18.4894
18.3079
18.5577
18.2365
18.3828
18.1746
18.3788
18.2854
17.9255
18.0565
18.1242
18.2557
18.4622
18.0625
18.3248
17.9707
18.4123
18.1199
18.5925
18.1352
18.0162
18.8574
18.3135
18.7936
18.4752
18.119
18.1553
18.3817
17.8431
18.3104
18.2595
18.4273
18.0407
18.5491
18.2696
18.4087
17.948
18.4302
18.3775
18.1616
18.0416
18.2689
18.212
18.1099
18.2365
17.9201
18.0269
18.2003
18.3513
18.4349
18.3006
18.5542
18.5877
18.2699
18.3789
18.0757
18.3031
18.4089
18.3585
18.5996
18.6322
17.9771
18.2655
18.4784
17.7962
18.5356
17.7531
18.2259
18.3031
18.2858
18.5024
18.3761
18.04
18.08
18.0101
18.0546
18.0678
18.4248
17.8407
18.0891
18.2946
18.5075
18.4133
18.1738
17.8775
18.1454
18.5093
18.7793
18.2613
18.2255
18.2563
17.956
18.5359
18.2277
18.3043
18.3506
18.3533
18.1431
18.3281
18.1532
17.8886
18.1023
18.6489
18.1805
18.3898
18.1066
18.3212
17.8736
18.0618
18.2335
17.9619
18.3081
18.2556
18.2356
18.2827
18.4633
18.5285
18.6092
18.0852
18.2241
18.455
18.1047
17.9404
18.2269
18.4941
18.2672
18.4323
18.073
17.8067
18.0465
18.3884
17.8784
18.4929
18.142
18.1603
18.4707
18.2555
18.3802
18.413
18.3738
18.4423
18.2914
18.3123
18.5426
18.0211
18.5476
18.6078
17.951
17.9956
17.6319
18.3244
18.0448
18.4647
18.1275
18.1722
18.1518
18.563
18.2123
18.1662
18.2239
18.3171
18.1731
18.3629
18.4756
17.8631
17.9077
18.3511
18.276
18.0358
18.3441
18.6332
18.3086
18.4981
18.1324
18.2965
18.4764
18.3598
18.6233
18.2516
18.4749
18.1828
18.1809
18.1926
17.9042
18.0119
18.1232
18.1856
17.8953
18.512
18.2245
18.2105
18.4006
17.7134
18.3708
18.3735
17.9769
18.2995
17.7923
18.6972
18.3339
18.3141
18.5575
18.0745
18.3596
18.585
17.9942
18.1613
18.3583
18.1433
18.0278
18.3379
18.1322
17.9633
18.2424
17.9057
18.268
18.1219
18.497
18.134
18.4946
18.3502
18.1784
18.1137
18.3677
18.6816
18.3256
18.3786
18.5607
18.537
17.7686
18.4438
17.5836
18.3319
17.8951
18.0888
18.3188
18.4476
18.4961
18.1112
18.6285
18.2056
18.1365
18.0207
18.2838
18.6231
17.8176
18.6396
18.5108
18.5188
18.437
18.2992
18.3796
18.3933
18.3783
18.4825
18.5395
18.1121
18.4894
18.3716
18.2214
18.3518
18.8238
18.1795
18.2255
18.0635
17.7121
18.5797
18.2675
17.9712
18.0863
18.4267
18.1828
18.1484
18.3537
17.9128
18.8372
18.3491
18.1578
18.1253
18.0956
18.1158
18.4859
18.1838
18.1809
18.1875
18.7156
18.6011
18.204
18.3308
18.2028
18.7969
18.0826
18.1902
18.5422
18.2881
18.3543
18.3942
18.5992
18.242
18.8084
18.1454
18.519
18.2529
18.1973
18.0719
18.5912
18.7037
18.2596
18.2398
18.1518
18.2636
18.2819
17.8151
18.5267
18.2097
18.3817
18.3429
18.2751
18.2641
18.3881
18.3644
17.9304
18.2493
18.0925
18.3642
18.2149
18.026
18.3387
18.3511
18.3719
18.4218
17.9702
18.2979
18.12
18.5256
18.4841
18.6258
18.1429
18.1681
18.3145
18.6317
18.0806
17.8874
18.5071
18.4006
17.6739
18.175
18.4339
18.0636
18.3796
18.3547
18.0796
18.0057
18.6907
18.2838
18.3993
18.1741
18.1281
18.168
18.3863
18.1878
18.4064
18.3419
18.164
18.3921
18.5968
18.4231
18.2851
18.2953
17.7812
18.2507
18.4336
17.8103
18.3677
17.9815
18.2517
18.1338
18.0821
18.4057
18.4753
17.9874
18.5403
17.9717
18.1185
18.23
18.4404
18.6485
17.839
18.1985
18.1736
18.0488
18.3754
18.1972
18.2853
18.0956
18.0061
17.8185
18.1614
18.14
18.2671
17.6687
18.5487
17.7771
18.472
17.9742
17.838
18.2778
18.2103
18.4154
18.1121
17.7666
17.9367
17.7972
17.9291
18.0694
17.896
18.2925
18.2709
18.3693
18.6492
18.1107
17.9421
18.4845
18.1596
18.4942
18.1863
17.7055
18.5667
17.8104
18.6733
18.6105
18.2234
18.3018
18.0217
18.067
18.2251
18.2989
18.1429
17.9921
17.8195
18.2642
18.1758
18.1614
18.312
18.1789
18.1057
18.6649
18.1073
18.8609
18.6622
18.5113
17.8922
18.0323
18.0204
18.4261
18.6488
18.2525
18.495
17.9107
18.5417
18.6333
18.2159
18.5854
17.8729
18.179
17.9411
18.1828
18.6754
18.0762
18.4335
18.6401
18.1256
18.231
18.4575
18.0697
18.0584
18.6144
17.8705
18.1766
18.4413
18.3943
18.0705
17.9447
18.3365
18.2729
18.6598
18.4865
18.1982
18.5119
18.0254
17.8185
18.4947
18.0688
18.6139
18.2733
18.4874
17.943
18.0826
18.532
17.9743
18.1642
17.9755
18.2488
18.1186
18.7216
18.0624
18.9197
18.1654
18.335
18.659
17.7113
18.5136
18.9238
18.3229
18.2502
18.1788
18.3532
18.046
18.4671
17.9939
18.637
18.0536
18.0574
18.1231
18.2527
17.7895
18.0292
18.1458
18.745
18.7067
17.8413
17.9189
18.2835
18.1995
18.4385
18.1305
18.6424
18.5396
18.8061
18.7353
18.1697
18.4275
18.7344
18.0986
18.6617
18.4914
18.5828
18.2995
18.2663
18.0699
18.1071
18.2555
18.1701
17.9384
18.263
18.2674
18.1165
17.835
18.234
18.3836
18.064
18.4232
17.936
18.5235
17.9425
18.3455
18.135
18.2264
18.1185
18.0402
17.7948
18.5
17.6775
17.9795
18.2565
18.2099
18.5663
18.0772
17.8515
17.717
18.2686
18.5422
18.006
18.1809
18.1108
18.4167
18.2858
18.3725
18.3524
18.4054
18.4953
18.2068
18.2974
17.9254
17.9722
18.4059
18.2339
18.3361
17.7801
18.048
17.8455
18.5713
18.5708
18.1521
18.1649
18.007
18.2587
18.071
18.2347
18.5827
17.7559
18.2539
18.3325
18.4273
18.4056
18.119
18.0467
18.4389
18.8058
18.2746
18.2537
18.0866
18.3213
18.3234
18.4248
17.9086
18.3076
17.8736
18.7004
18.4295
17.9081
18.2507
18.816
17.9798
18.0308
17.98
18.2463
17.9831
18.345
18.0893
18.5529
18.2735
18.4144
18.4515
17.9696
18.794
18.4925
18.1925
18.2758
18.5037
18.1028
18.2811
18.468
18.3388
18.0241
18.4061
18.3967
18.3738
18.2304
18.2025
18.3433
18.0176
18.4807
18.3437
18.756
18.3854
18.2614
18.386
17.766
18.5001
18.3271
18.916
18.1823
18.5571
17.8671
18.3012
17.8104
18.3253
18.5746
18.3627
18.631
18.4008
18.0757
17.8824
18.0911
17.6517
18.0577
18.4155
18.253
18.247
17.8081
18.5497
18.3022
18.1592
18.287
18.2558
18.0152
18.2175
18.1727
18.3018
18.6989
18.0712
17.9445
18.6253
18.2536
18.2664
18.4221
17.8632
18.2072
18.4662
18.1456
18.3592
18.5605
18.5056
18.3259
18.1055
17.9933
18.3058
18.4414
18.0244
18.5104
18.0489
18.5729
18.2933
18.2171
18.2205
18.0291
17.823
18.3564
18.6287
18.2565
18.221
18.407
18.6317
18.4173
18.7121
17.7608
18.29
18.6696
18.5847
18.3435
18.1945
18.1296
18.1721
18.1288
18.4328
18.3768
18.2298
18.1934
18.1734
18.2438
17.9306
18.6246
18.6406
18.1915
18.2505
18.3896
18.5379
17.7851
18.937
18.3478
18.171
18.045
17.9161
18.3053
18.2648
18.2443
18.1899
18.542
18.0579
18.2061
18.634
18.5043
18.5215
18.2942
18.5897
18.4372
18.2848
18.2445
18.2964
18.1185
18.0615
18.3582
18.4041
18.6619
18.1271
18.151
17.7961
18.3095
18.2486
18.1631
18.1898
17.909
18.0512
18.0787
18.3948
18.2428
18.3488
17.8414
17.9739
18.234
18.0329
17.9868
18.3341
18.5399
17.982
18.177
18.3633
17.9659
18.6828
18.2972
18.0624
18.972
18.2803
18.1724
18.2134
18.1842
18.1142
17.8478
18.2103
18.1596
18.2814
18.5191
18.3932
17.6731
18.1782
18.0337
17.8338
18.2642
18.2804
18.242
18.4748
18.0962
18.082
17.995
18.1914
17.9209
18.3948
18.2219
18.4839
18.1233
18.3998
18.2143
17.9245
18.2255
18.4467
18.057
18.2976
18.3361
17.9723
18.2026
18.249
18.1506
18.0402
18.3292
17.954
18.1031
18.5441
18.7003
18.2138
18.502
18.1406
18.3216
18.3172
18.8333
18.6302
18.7217
18.1002
18.3647
18.2263
18.6576
18.3511
18.1193
18.5034
18.2359
18.4117
18.402
18.2313
18.8218
18.1437
18.1147
18.4007
18.0351
18.5612
18.0516
18.2369
18.3616
17.9148
18.1386
18.221
18.1
18.2711
18.4467
18.3364
17.784
18.3607
18.3454
18.6843
18.342
18.1314
17.9724
18.1783
18.6283
18.3553
18.5046
18.3633
17.6854
18.5136
18.3603
18.2502
17.9681
18.3638
18.4274
17.9245
18.8895
17.989
18.1814
17.8013
18.4035
17.8568
18.3652
17.928
18.0357
18.2229
18.1777
18.7495
18.44
18.0066
18.1364
17.9914
18.2362
18.2427
17.9163
18.2931
18.4978
18.4336
18.0806
18.591
18.2987
17.9257
18.3529
17.941
18.0201
18.1123
18.3868
18.0742
18.1659
18.1684
18.4736
17.9561
18.6904
18.6106
18.272
18.1029
17.8291
18.3161
18.2814
18.2504
18.3777
18.2657
18.3978
18.0025
18.5624
17.9902
18.6763
18.5871
17.8775
17.7802
18.2097
18.2685
18.2615
18.3283
18.1607
18.5549
18.5563
18.8443
17.8907
18.4182
18.1575
18.1173
17.9215
18.6935
18.3315
18.7702
18.2285
18.246
18.104
18.3667
18.2328
18.5029
18.1911
18.4234
18.1185
17.8813
18.0586
18.1275
18.06
18.1015
18.4089
18.0626
18.0716
18.0999
18.1269
18.4019
18.2436
18.4992
18.6619
17.8368
18.4172
17.7114
17.9853
18.2145
18.3141
18.2276
17.9627
18.4036
18.4155
18.2301
18.3055
17.5826
18.0618
18.3744
18.2965
18.0376
18.3115
18.3914
18.3253
18.4035
18.2412
18.0054
18.5479
18.0729
18.2341
18.1723
18.078
18.1466
18.2079
17.8161
17.9382
18.1926
18.0251
17.9779
18.4831
18.3021
18.4405
18.454
18.4744
18.3893
17.9843
18.2474
18.1083
18.1158
17.7989
18.4351
18.0654
18.2908
18.2068
18.3673
18.4372
18.0702
18.3186
18.2132
18.2219
18.231
18.0735
18.2742
18.0492
18.0824
18.401
18.0599
18.3268
18.5412
18.0112
17.8318
18.4764
18.3866
18.121
18.2046
18.4167
17.959
17.7585
17.9618
18.3074
18.7064
18.5029
18.4563
18.2787
18.1679
18.1474
18.1287
18.0994
18.5179
18.5555
18.2126
18.2304
18.3308
17.9495
18.1273
18.1826
18.3795
18.1275
18.4616
18.2606
18.8092
18.2854
18.0205
18.5521
18.1694
18.3044
18.4503
17.9535
18.5107
18.1682
18.121
18.33
18.2743
18.1277
18.5028
18.4824
18.4868
18.2409
17.9413
18.0513
18.2255
18.3377
18.3385
17.8097
18.0331
18.0078
18.7
17.9208
18.2553
17.9693
18.9917
18.4686
18.5955
18.3696
18.2973
18.06
18.0932
18.2405
18.2696
18.3411
18.1834
18.2319
18.3783
18.4257
18.3944
17.9245
18.6074
18.3024
18.795
18.1037
17.9763
18.1124
17.9212
17.9789
17.9279
18.317
18.4238
18.4664
17.946
18.3649
18.5906
18.6652
18.5168
18.4456
17.9932
18.4874
17.8555
18.2114
17.8543
18.4317
18.0166
18.1428
18.1698
19.0607
18.1545
18.0776
17.9043
18.039
18.4297
18.3992
18.7019
18.4248
18.4357
18.5388
18.297
18.5585
18.2592
18.3457
18.0465
18.2721
17.6981
18.0504
17.7524
18.6493
18.1926
18.0273
18.5864
18.3632
17.8875
18.286
18.1994
18.0052
18.0674
18.435
18.4823
17.8805
18.3426
18.3409
18.2156
17.7849
18.0271
18.4093
18.5585
17.6955
18.4749
18.289
18.3756
18.0679
18.27
18.3219
18.6525
18.034
18.3436
18.0964
18.388
18.0938
18.1937
18.4447
18.4571
17.9321
18.6194
18.2596
18.3067
18.1686
17.9098
18.0632
18.1732
18.2451
18.2989
18.4167
18.599
18.0142
17.8672
18.2865
18.3021
18.4958
18.6351
18.0098
18.4147
18.104
18.5521
18.2574
18.3055
18.5554
17.938
18.4001
18.1223
18.4628
18.527
18.3873
18.5175
18.1076
18.1602
18.4983
18.0354
18.6873
18.6703
18.4843
17.9524
18.2163
18.4548
18.6157
18.3004
18.4131
18.132
18.1876
18.2796
18.2352
18.3161
18.1927
18.1895
18.2188
18.1772
17.9791
18.3422
17.8723
17.7785
18.2774
18.5426
17.8672
18.2348
18.4473
17.8624
18.4356
18.4167
18.3713
18.0384
18.4729
18.1356
18.3675
18.3157
18.4184
18.5651
18.0896
18.2188
18.3378
18.6808
18.7675
18.5836
18.5791
17.743
18.0952
18.2919
18.8751
18.3453
18.1693
18.2589
18.4415
18.3282
18.5467
18.0055
18.1491
18.2602
18.392
18.3199
18.6567
17.9631
18.4205
18.4469
18.232
18.1708
18.362
17.897
18.4417
17.7727
18.5907
18.0802
18.5066
18.2211
18.2606
18.0203
18.0472
18.1926
18.1803
18.1276
18.4957
18.6323
18.3718
18.473
18.3991
18.4936
18.5954
18.3973
18.2954
18.555
18.5035
18.4458
18.1394
18.1893
17.8003
18.1723
17.9774
18.199
18.1306
18.2838
17.9113
18.7189
18.3342
18.5957
18.4863
18.3934
18.3738
18.6575
18.2082
18.0701
18.2052
18.0023
18.3079
18.2865
18.4442
18.433
18.5808
18.8166
17.778
18.2955
18.3804
18.3983
17.9538
18.6765
18.3082
17.851
18.2638
18.2935
18.1702
18.2381
18.0966
18.4513
18.1358
18.5808
18.4972
18.2864
18.0687
18.4313
18.1951
18.3673
18.4667
18.0383
18.4017
18.1058
18.1186
18.3632
18.2486
18.0474
18.4323
18.366
18.3822
18.3436
18.6048
18.4374
18.1241
18.1442
18.3276
18.1731
18.4373
18.3004
17.8491
18.009
18.399
18.361
17.9947
18.476
18.206
18.1689
18.4405
18.2926
18.4015
18.3241
18.6583
18.6868
18.1842
18.1097
18.2684
18.5483
18.0224
18.0998
18.5896
18.4029
18.266
17.8861
17.771
18.3036
18.6277
18.5875
18.1263
18.0128
18.0687
17.8691
17.7596
18.3859
17.9459
18.9061
18.3039
17.8529
18.5488
18.1135
18.1858
18.2374
17.8753
18.0822
18.1763
18.3518
18.4108
18.0626
18.6292
18.4544
18.466
18.7682
18.3603
18.4028
18.1667
17.81
17.6233
18.4432
18.3505
17.9197
18.349
18.2194
18.1821
18.5725
18.0207
18.1753
18.4115
18.2817
18.5234
18.2556
17.9785
18.4335
17.9199
18.4935
17.9671
18.2528
18.2244
18.3141
18.2982
18.6575
18.2733
18.3652
18.6334
17.6388
18.3676
18.4881
18.1378
17.7039
18.6035
18.2632
18.2267
18.1764
18.0186
18.1323
18.2589
18.3416
18.1752
18.1296
18.4462
18.7584
18.3316
18.4957
17.8072
18.6087
17.8183
18.4241
18.445
18.5724
18.2381
18.1088
18.074
18.7389
18.3182
18.1528
18.5087
18.0984
18.7537
18.2094
18.3069
18.4457
18.3706
17.6191
18.0102
18.3217
18.4051
17.7774
18.4481
18.5116
18.334
18.6346
18.7995
18.2509
18.014
18.1591
18.4813
18.3654
18.5414
18.2557
18.244
17.9029
18.1259
18.1236
18.2978
18.385
18.246
18.6713
18.0394
18.1949
18.0549
18.2274
18.3128
18.3073
18.6488
18.2058
18.1503
18.2164
18.3611
18.3454
18.2658
18.4899
17.8781
18.4681
18.0661
17.9291
18.1156
18.1877
18.4541
18.4658
18.2576
18.3775
18.274
18.0554
17.7027
18.191
18.6984
18.1641
18.1463
18.0345
17.9849
18.3243
18.3034
18.2811
18.3523
18.4295
17.6227
18.114
17.7849
18.0786
18.0122
18.2271
18.1498
18.6585
18.541
18.1767
18.3178
18.2522
17.9798
17.863
18.2116
18.1142
18.281
18.2992
18.3912
18.1398
18.3921
17.9834
18.0937
17.9662
18.2528
17.635
17.9258
18.5126
18.162
18.3948
18.3198
18.242
18.4408
18.1664
18.8267
18.3913
18.2555
17.8877
18.2338
18.0251
18.299
18.174
18.2595
18.3801
18.4254
18.5474
18.035
18.0752
17.8543
18.1979
18.3936
18.2224
18.2026
18.3318
18.3454
18.2889
17.987
18.387
18.1924
18.2659
18.373
18.3797
18.7755
18.0175
18.0963
18.0236
18.6099
18.1179
18.1438
18.005
18.3796
18.3127
17.9936
17.8488
18.0272
18.5376
18.0471
18.4068
18.5313
18.5386
18.4868
18.4071
18.0953
18.1904
18.0885
18.4622
18.2835
17.9841
18.0743
18.126
17.9907
18.2721
17.9098
18.2456
18.1112
17.986
18.4745
18.0269
18.2293
17.9957
18.3324
18.14
18.2829
18.7167
18.5368
18.2043
18.261
18.4055
18.4132
18.7851
17.9344
18.1754
18.5965
18.4383
18.3219
18.6631
17.9054
18.3147
18.4149
18.2537
18.0455
18.4329
18.0673
18.3813
18.1896
18.3003
18.1913
18.4629
18.2265
18.3117
18.2662
18.5762
18.3573
18.1618
18.2329
18.0437
18.2066
18.4778
18.8064
18.3506
18.1812
18.2353
18.1846
18.0174
18.4965
17.7262
18.2954
18.2349
17.9406
17.9265
18.2385
18.1036
18.119
18.2733
18.441
18.5483
18.1953
18.0089
18.4012
18.5701
18.2872
18.3305
18.2897
18.3519
18.3838
18.6799
18.0448
18.4538
18.0187
18.5483
18.8121
18.2291
18.715
18.0079
18.3248
18.3364
18.4733
18.0923
18.2998
18.3968
18.5948
18.3536
18.04
18.2968
18.3036
18.0484
18.4985
18.0566
18.021
18.4762
18.1406
18.2621
17.9372
18.6546
17.9514
18.8619
17.8046
18.0142
18.5615
18.4696
18.199
18.5336
18.1687
18.2618
18.1386
18.5675
18.0222
18.455
18.444
17.6039
18.3658
18.6222
17.9429
18.5122
18.0936
18.2805
18.3817
18.4336
17.7735
18.1486
17.794
17.6313
17.5452
18.0861
18.4993
18.1184
18.4481
17.9824
18.1134
18.3121
18.303
18.3665
18.5211
18.2931
18.6327
18.2868
18.9196
18.4453
18.6951
18.0583
17.9445
17.9704
18.0564
18.2726
18.0264
18.3336
18.5139
18.4802
18.5269
18.7317
18.7086
18.3048
18.1433
18.6687
18.4262
18.4831
17.8307
18.3174
18.5914
18.4911
18.4974
18.2705
18.507
18.2724
18.1852
18.2968
18.0318
18.2863
17.8626
18.6239
18.035
18.4641
18.3484
18.1792
18.0996
18.3841
18.2577
18.3341
18.4062
17.8829
18.9798
18.4669
18.326
18.1345
17.9255
18.6442
18.2951
18.1133
18.2365
18.1517
18.4407
18.0147
18.119
17.9913
17.8325
18.295
18.2798
17.8775
17.7831
17.9799
18.5635
18.3527
18.2111
17.9932
18.1679
17.9613
17.965
18.6216
18.4832
18.2688
17.954
18.2218
18.0615
18.3983
18.414
17.9914
17.8871
18.5087
18.1564
18.5066
17.9417
17.856
18.3389
18.2689
18.2312
18.239
18.0639
18.0989
18.0432
18.4471
18.1175
18.2544
18.038
18.2364
18.3651
18.1537
18.2358
18.3059
18.3555
18.2065
18.4687
18.1103
18.0029
18.785
17.5762
18.0361
18.5412
18.0781
18.7486
18.3242
18.6364
18.3529
18.7797
18.4192
18.4487
18.2044
18.0624
18.173
18.1484
18.2621
18.2551
18.273
18.1879
18.6669
18.4119
18.2482
18.089
18.1273
18.2134
18.0968
18.3431
18.5149
18.4733
18.2832
18.3689
18.1818
18.5788
18.2762
18.2272
18.3422
18.0014
18.3201
17.8362
18.3575
18.2501
18.6185
17.7186
18.369
18.4412
18.4801
18.0333
18.4061
17.9205
18.7281
18.1634
17.8814
18.2716
18.2089
18.3449
17.7797
17.8367
18.2779
18.2698
18.429
18.5417
18.2028
18.1276
18.5251
17.8516
17.9682
18.1014
18.0892
18.036
18.8306
18.2424
18.2619
18.2652
17.8826
18.1225
18.8505
18.3151
18.5669
18.3861
17.9815
17.8916
18.3171
18.4219
18.5922
17.849
17.9919
18.1898
18.4275
18.4369
18.3619
19.0062
18.4915
18.6138
18.8193
18.5128
18.096
18.3741
18.4689
18.6479
18.3929
18.186
18.299
18.1659
18.2796
18.2426
18.153
18.0926
18.6705
18.0535
18.14
18.5521
18.4353
18.0091
18.0227
17.9246
18.2538
18.582
17.8584
17.9699
17.9834
18.2165
18.3905
18.073
18.2662
18.2774
18.5329
18.5583
18.2198
18.4813
18.109
18.3918
18.3365
18.39
18.3228
18.2342
18.3316
18.4207
18.0569
18.3043
18.3712
18.5226
18.2586
18.6802
18.396
18.0001
18.539
18.4975
17.9082
18.5336
18.0538
18.5998
18.6109
18.3914
18.2195
18.1631
18.636
18.5015
17.9019
17.7608
18.0862
18.2015
18.0081
18.4038
18.3154
18.5551
18.3098
18.7601
17.9949
18.3895
18.3506
18.2815
17.7936
18.0196
18.3805
18.2109
18.5534
18.3033
18.313
18.3334
18.3478
18.2295
18.4142
17.9026
18.2928
18.0813
18.2267
18.2499
18.1511
18.352
18.3564
18.2497
18.0289
18.3377
17.953
18.1432
18.2751
18.284
18.5616
18.2104
18.3943
17.8694
18.3003
18.251
18.2414
18.0517
17.8171
18.3138
18.1487
18.294
18.2667
18.121
18.304
18.4068
18.1766
18.4013
18.1133
18.1763
18.6189
17.8585
18.2722
18.0827
18.0312
18.0634
18.5155
17.9663
18.4614
17.8996
18.1779
18.3204
18.3316
18.2195
18.4993
18.2025
18.7285
18.0816
18.6392
18.4853
18.1605
18.4234
17.9514
18.238
18.6106
18.0688
18.1759
17.921
18.0443
18.1565
18.3661
18.2973
18.6042
18.6662
18.4281
17.9906
18.216
18.5876
18.1324
17.7962
18.1252
18.5438
18.0954
18.4327
18.3869
18.1034
17.9186
17.6632
17.9781
17.9683
18.1479
18.2291
18.2347
18.146
18.0257
18.5127
18.5019
17.6636
17.9762
18.3307
18.4922
18.3673
18.0464
18.3175
19.0131
18.4106
18.2642
18.3956
18.5592
17.7499
18.4204
18.2645
18.6667
18.4488
18.0305
18.2879
17.8815
18.7143
18.191
18.2961
17.9801
18.512
18.3288
18.6128
17.969
18.2902
18.8168
18.2261
18.5635
18.0121
18.4082
18.1595
18.2013
18.2319
18.2589
18.3591
18.4594
18.1877
17.9581
17.9536
18.09
18.0463
18.6531
18.1538
17.9995
18.2729
18.3604
18.4181
17.9958
18.1026
18.5113
18.2372
18.157
18.4904
18.689
18.286
17.8119
18.0797
17.9275
18.305
18.2695
18.1942
18.6256
18.036
18.2492
18.2268
17.5982
17.9418
18.331
17.981
18.3405
18.1649
17.9392
18.4039
18.4626
18.0414
17.9676
18.0758
18.4437
18.0769
18.257
18.3858
18.321
18.1262
17.6938
18.571
18.117
18.1504
18.4854
18.4737
18.1797
18.33
18.1514
18.3728
17.969
18.4654
18.4237
18.3125
18.0881
18.0777
18.2518
18.4805
18.4185
18.1106
18.0819
18.0531
18.3253
18.2571
17.9483
18.0674
18.094
18.1595
18.2321
18.6278
17.844
18.8838
17.9964
18.1491
18.3103
17.8582
18.4381
18.3837
18.1413
17.8453
18.0177
18.6746
18.2095
17.8571
18.6228
18.293
18.318
18.3435
18.503
18.1429
18.2312
17.9958
18.429
18.5978
18.0574
18.3154
18.1608
18.619
18.4457
17.9952
17.855
18.2337
18.0578
18.4726
18.0773
18.314
18.2733
18.1033
18.5385
18.3305
18.305
18.1225
18.5498
17.8649
18.2179
18.24
18.3217
17.7322
17.9029
18.7261
18.4432
17.7249
18.0725
18.2978
18.3904
18.2437
18.486
18.4466
18.5311
18.1889
18.1819
18.6485
18.1514
18.0367
18.3915
18.4428
17.972
18.4747
18.2399
17.8786
18.3671
18.0055
18.0265
18.1627
18.3592
17.7917
18.3975
18.5457
18.0586
18.6999
17.9358
18.2003
17.9888
18.1255
18.6493
18.1827
18.2803
18.4682
18.3679
18.3055
18.2365
18.1019
18.0913
17.8407
17.5656
18.4426
18.5378
18.0872
18.0539
18.4283
18.0519
18.0953
18.2542
18.021
18.1083
17.9355
18.2523
18.0106
18.7004
18.2278
18.105
18.1865
18.6041
18.1791
18.2791
18.4547
18.1581
17.681
18.2921
18.259
18.2248
18.1866
18.1845
18.5907
18.3934
18.2949
17.9016
18.0167
18.4919
18.0292
18.1896
18.1154
17.8606
18.3572
18.2164
17.9192
18.2962
17.7813
18.0961
18.1864
18.0645
17.8163
18.0847
18.2906
18.4224
18.5784
17.9241
18.0671
18.0327
18.2935
17.709
18.2545
17.9666
18.4285
18.3413
18.1724
18.1346
17.9764
18.2233
18.2476
18.1467
18.3082
18.6449
18.4564
18.2722
18.3132
18.0168
17.9202
18.1512
18.1154
18.3081
18.3499
18.3987
18.5168
18.1415
18.1968
18.2745
18.0833
18.3031
18.826
18.3483
18.1686
18.3416
18.1466
18.4138
18.4262
18.1822
18.3013
18.133
17.8132
18.3551
18.1601
18.2478
18.4348
18.4189
18.4613
18.2167
18.3988
18.3602
18.667
18.5116
18.2354
18.3849
18.2294
18.3398
17.9235
18.4041
18.5092
18.1953
18.6936
18.4955
18.0157
18.0892
18.0403
18.368
18.6719
17.9893
18.0108
18.0059
18.75
17.9679
18.0365
18.196
17.9901
18.1275
18.7034
18.5325
18.0219
18.1123
18.3451
18.0408
17.9096
18.3088
17.9804
17.8453
18.3761
18.2058
18.5139
17.9025
18.6387
18.3119
18.1884
18.1239
18.201
18.043
18.3995
17.9743
18.361
18.3497
18.0441
18.0049
18.2717
18.5074
17.7648
18.0825
18.5627
18.5318
18.4681
18.2242
18.3641
18.4598
18.648
17.9144
17.7592
18.5494
18.5689
18.5581
17.9333
18.2085
17.7444
18.1771
18.3164
17.9983
18.3119
18.1461
18.3193
18.3489
18.0979
18.0509
18.7113
18.5183
18.0506
18.0591
17.7895
18.0572
18.25
18.2952
18.2012
17.9003
18.6415
18.3205
18.3653
18.7259
18.4324
18.2832
18.2652
18.2442
17.8254
18.3384
18.2449
18.0521
18.2499
18.369
18.5955
18.359
18.1934
18.0339
18.767
17.9408
18.117
17.9899
18.1461
18.2265
18.6561
18.5654
18.1379
17.9908
18.3082
18.3064
18.456
18.4932
18.1583
18.2103
19.161
18.2933
17.9667
18.3868
18.3111
18.2702
18.4667
18.2882
17.8783
18.2688
18.3248
18.3267
17.7741
18.0653
18.2324
18.2394
18.6355
17.9503
18.5983
19.0374
18.2716
18.1388
18.2234
18.1635
18.4447
18.6573
18.2797
18.4467
17.9975
18.2363
18.5457
18.6617
18.2138
18.6524
18.2402
18.2997
18.1288
18.0456
18.1334
17.9769
18.2956
18.332
18.167
18.5063
18.2723
18.4361
18.4532
18.3404
17.8478
18.0119
18.699
18.0493
18.1225
18.8825
18.293
18.5346
18.3565
18.2342
17.8731
18.1357
18.4768
18.2297
18.1189
18.6312
18.1875
17.9511
17.982
18.26
18.1894
18.635
18.4477
18.3907
18.0623
17.9615
18.0691
18.7648
18.2079
18.2089
18.3633
17.9073
18.2218
18.1033
18.5164
17.9854
18.0742
18.5604
18.202
18.9068
18.3118
18.2053
18.2081
18.603
18.3098
17.9906
18.6159
18.1646
18.5301
18.1827
18.2066
18.442
18.2126
17.8048
18.1564
18.7674
17.8443
18.2107
18.0619
18.4054
18.2761
18.302
18.1037
18.3078
17.9513
17.9633
17.9818
18.1455
18.3413
18.1005
18.0545
18.4414
17.7832
18.4632
18.138
17.974
18.4298
18.2556
18.2292
18.4426
18.4228
18.2687
18.5368
18.1105
17.9874
18.3999
18.0853
18.2636
18.4953
18.3238
18.1033
18.427
18.4819
18.3946
18.0996
17.6519
18.2031
18.1778
18.2371
17.7377
17.8483
18.2207
18.4402
18.4415
18.1905
18.323
18.3793
18.4066
18.4169
18.4478
18.2798
18.5394
18.3358
18.0819
18.5998
18.3974
18.2647
18.3838
18.2063
17.8132
18.2506
18.4207
18.4721
18.0863
18.011
18.2256
18.6886
18.2829
18.0803
18.543
17.9611
18.4379
18.4886
18.1982
18.5812
18.3228
18.3117
18.0589
18.0376
18.351
18.5824
18.3937
18.6851
18.3383
18.3945
18.4158
18.1475
18.1568
17.9205
18.3875
18.5281
18.4944
18.6191
18.1045
18.3436
18.2486
18.3782
18.1502
18.4292
18.4813
18.5563
18.4362
18.2526
18.0825
18.5716
18.5207
17.5642
18.6066
18.1074
18.4102
18.2208
17.8168
18.0018
18.5332
18.367
18.0835
18.3009
18.1798
18.3197
18.2221
18.4647
18.5755
18.0494
18.3996
17.843
18.2572
18.4278
18.0647
17.9552
18.4473
18.3598
18.3415
18.3859
18.3769
18.4522
18.1765
18.2732
18.0995
18.1779
18.3951
18.1193
18.3189
18.5369
18.4953
18.1861
17.8483
18.3098
18.2666
18.3682
18.0227
18.4881
18.4076
18.1748
18.4634
18.6768
18.34
18.4099
18.5723
17.9785
18.1537
18.1885
18.1684
18.3393
18.4355
18.4471
18.1028
18.2798
18.1673
18.107
18.1355
17.8974
17.994
18.5634
17.9863
18.068
18.4531
18.0851
18.3147
18.2215
18.6111
17.848
18.1273
18.0448
18.5792
18.7336
18.6197
18.7168
17.835
18.4487
18.1345
18.4823
18.1812
17.8859
18.3963
17.5751
18.2089
18.7347
17.9416
18.0092
18.5066
18.2705
18.2346
18.3358
17.9974
18.4104
17.937
18.3259
18.153
17.9757
17.9929
18.4957
18.3204
17.8653
18.1512
18.1141
17.9893
18.0684
18.1716
17.9449
18.0493
18.1967
17.9082
18.1269
18.1643
18.1295
18.1241
17.9918
18.2782
18.0667
18.3765
17.9545
18.5299
18.3455
17.9141
18.774
18.1964
18.2076
18.6084
18.3988
18.0637
18.2777
17.8138
18.4539
17.8383
17.8471
18.6047
17.6291
18.2559
18.3588
18.2694
17.9704
18.6388
18.3196
18.1445
18.6094
17.9427
18.0558
18.2328
17.9783
18.4196
18.4464
18.1561
18.3153
18.167
18.3413
18.4494
18.2945
18.3138
18.1194
18.6843
18.6043
18.1178
18.287
17.9962
18.4187
18.3541
18.2771
18.0204
18.2066
18.4346
18.0924
18.5034
18.0414
18.4211
18.5123
18.2847
18.5071
18.1254
18.1521
18.4022
18.3795
18.8402
18.291
18.1155
18.5793
18.0211
18.4324
18.1382
18.4328
18.2251
18.7592
17.8591
18.3425
17.7881
18.8038
18.1335
18.6085
18.291
18.0239
18.1663
17.8919
17.6586
17.6638
18.5254
18.2477
18.3011
18.5388
18.0231
18.4106
18.5253
18.4731
17.8071
18.3121
18.3742
18.1417
18.4243
18.3516
18.5024
18.5063
18.437
18.5389
18.375
18.4717
18.134
18.0644
17.8852
18.215
18.5355
18.3161
17.7891
18.4142
18.5342
17.8989
17.8682
18.501
18.3442
18.1707
18.4799
18.1614
18.134
18.3549
18.311
18.6369
18.4514
18.24
18.7196
17.9586
18.238
18.1112
18.2148
18.3707
18.3943
18.4237
18.2438
17.9696
18.1578
18.3644
18.2054
18.0881
18.3422
18.0479
18.289
18.2607
18.3105
17.7814
18.0392
18.4407
18.2033
18.6882
18.4953
18.6419
18.489
18.2656
18.7873
18.3473
18.2361
18.1211
18.2859
18.0713
18.5586
18.4222
18.0199
17.9686
18.4858
18.2182
18.9533
18.4958
18.1821
18.1045
18.1664
18.5888
18.4387
18.297
18.4944
18.1112
18.4499
18.3865
18.4372
18.0671
18.069
18.3077
18.6465
18.2921
18.4179
18.2443
18.5616
18.3898
18.19
18.4543
18.4376
18.0726
18.2413
18.269
18.308
18.5404
18.1986
18.4587
18.3683
18.2501
18.2664
18.2254
18.0559
18.5217
18.08
18.276
18.3696
18.719
17.9663
18.44
18.1727
18.3244
18.459
18.0991
18.6957
18.0293
18.2756
17.8487
18.0097
18.3734
18.3612
18.6302
18.1592
18.6855
18.1216
18.5726
18.1979
18.4183
18.6428
18.1361
18.4853
17.9274
18.3224
18.1645
18.2481
18.553
18.0666
18.0482
18.4109
18.5162
18.4521
18.426
18.2519
18.2184
18.0078
18.6637
18.4639
18.3061
18.3321
18.1608
17.9183
17.8027
18.7261
18.4166
17.9811
17.8641
18.6379
18.106
18.0736
18.7976
17.7802
17.9643
18.5587
18.2725
18.0745
17.923
17.9513
17.9752
18.1176
18.0925
18.5887
18.3827
17.9711
18.5471
18.5961
18.3728
18.4653
17.7179
18.9497
18.2341
18.2501
18.1061
18.4413
18.0771
18.0118
18.0698
18.1742
17.8133
18.3645
18.3392
18.263
18.2728
18.1601
18.5204
18.5473
18.0274
18.7261
18.5276
18.4131
17.818
18.2612
18.2519
18.3646
18.1425
18.1942
18.1976
18.3231
18.1761
18.1081
18.2037
18.4373
18.0807
18.2757
18.433
18.4075
18.6487
18.1331
18.3101
18.1832
18.1129
17.8681
17.9368
18.5861
18.373
18.2594
18.7426
18.4453
17.9259
18.1803
18.215
18.1488
18.425
18.0165
18.7988
18.0133
18.6231
18.3537
18.4984
18.1525
18.1252
18.4151
18.1882
18.0004
18.5232
18.116
18.2906
18.3925
18.2295
18.4687
18.3793
18.4722
18.1257
18.1521
18.4403
18.3467
17.9025
18.3387
18.3656
18.0778
18.4372
18.1612
18.2161
18.1251
18.0553
18.3871
17.8568
18.7021
18.4603
18.3527
18.2332
18.3643
18.0864
18.3863
18.4434
18.1418
18.3416
18.3774
18.3989
18.2157
18.1318
18.6494
17.8094
17.7597
17.7149
17.9683
18.2824
17.9948
18.0573
18.6445
18.3497
17.9718
18.7483
18.1521
18.5119
18.1069
17.9325
17.9558
18.2228
18.3064
17.9469
18.3884
18.2937
18.5159
18.8342
17.8914
17.843
18.3165
18.3975
18.186
18.0588
18.3523
18.7818
18.0726
18.1473
18.5416
18.3691
18.4603
18.4038
18.2204
17.973
17.7654
18.6866
18.2884
18.1874
18.2506
18.4058
18.0892
18.4252
18.1468
18.5368
18.325
17.7738
18.3218
18.1814
17.87
18.5224
18.0874
18.3369
17.9911
18.2576
18.4991
18.3605
17.8691
18.0112
17.9309
18.4082
18.208
18.8122
18.4875
18.1019
18.3604
18.177
17.9123
18.1467
18.3631
18.3123
18.0158
18.3784
18.0501
18.2724
18.3279
18.2749
18.1328
18.1712
18.4325
18.5036
18.63
18.0398
18.4933
17.8637
18.2502
18.7056
18.5478
17.9742
18.3422
18.3502
18.5706
18.3076
18.0903
18.123
18.4523
18.3197
18.4997
18.1076
18.0112
18.1773
18.2536
18.1644
18.4749
18.632
18.5584
18.1764
17.8654
18.366
18.5711
18.1805
18.5611
18.032
18.5327
18.6456
18.1592
18.2218
17.7075
18.2222
18.062
17.8327
17.8772
18.318
18.2542
18.0679
18.0973
18.3636
18.4857
18.5607
18.1554
18.2668
18.1066
18.168
18.0516
18.4176
18.3565
17.5445
18.2285
18.3752
18.1971
18.3594
17.9235
17.9302
18.5801
18.2811
18.7761
18.0428
18.2605
18.3289
18.241
18.5986
17.8216
18.2052
18.6884
18.1436
18.6588
18.2272
18.4289
18.1768
18.3667
18.5945
18.6228
18.0896
17.9407
18.4023
18.5064
17.531
18.5569
18.0931
18.117
18.0894
18.2479
17.9843
17.3991
18.7167
18.4783
18.3379
17.9071
18.1097
18.5532
18.4483
18.6392
18.1029
18.2905
18.2994
17.898
18.2474
18.2257
18.2445
17.9694
18.5625
18.0418
17.9305
18.7214
18.0013
18.1812
18.6721
18.1455
18.0591
18.279
18.0437
18.2364
18.1351
18.3215
18.2623
17.7406
18.1745
18.1632
18.0209
18.0737
17.9626
18.6537
18.155
18.4909
18.2087
18.0742
18.3257
18.3685
17.6593
17.8696
18.5383
18.5543
18.1635
17.9435
18.1873
18.0874
18.6508
17.5547
17.9969
18.4354
18.265
18.2784
18.033
18.2
18.4847
18.044
18.2257
18.0129
18.3186
18.0927
18.274
18.4643
18.1443
18.5967
18.1136
18.2996
18.3148
18.3693
18.1998
18.5599
18.1705
18.5717
18.1245
18.3262
18.4977
17.9659
18.3436
18.0512
18.6535
18.3969
18.3957
18.052
18.2371
18.303
17.9391
18.7367
18.5565
18.4873
18.0331
18.1375
18.1307
18.4582
18.427
18.4037
18.4207
18.4131
18.7889
18.2807
18.2853
18.0354
18.3375
18.2575
18.2012
18.4105
18.8104
18.8107
18.3333
18.3717
18.0931
17.9055
18.5423
18.4728
18.462
18.0745
18.525
18.0395
18.2653
18.3971
18.7758
18.1369
18.4932
18.2537
18.6516
17.9246
18.4779
18.5617
18.0239
18.5875
18.575
18.0192
18.5227
18.2761
17.9667
18.7876
18.6275
18.3712
18.263
18.3312
18.1705
18.1148
18.1557
18.6144
18.288
18.406
18.3374
17.9815
17.7642
18.2093
18.676
18.0735
18.5929
18.2239
18.0683
18.9941
18.0437
17.8788
18.2096
18.4515
18.3917
18.5034
18.396
17.9145
18.431
18.5191
18.4791
18.4136
18.0724
17.5977
18.3022
18.0286
18.3711
18.2875
18.4879
18.0317
17.8358
17.9655
18.9318
18.0517
18.2889
18.3895
18.2737
17.8786
18.2209
18.0385
18.0466
18.2427
18.5071
18.0933
18.0554
18.4186
18.3671
18.6901
18.3709
18.5159
18.5068
18.2042
18.1354
18.416
18.3267
18.5283
18.7205
18.2207
18.5209
18.408
18.6301
18.0808
18.1701
18.3427
18.2734
18.6703
18.2489
18.4481
17.9804
18.3541
18.1953
18.2509
18.293
18.6006
18.4176
17.818
18.4085
18.0538
18.2515
18.5148
18.1596
18.1682
18.2866
17.9187
18.4858
18.5018
18.5314
18.051
18.2594
18.3158
18.5641
18.4818
18.3332
17.9046
18.2639
18.2802
18.4991
18.1751
18.2998
18.0808
18.0943
17.9076
18.4036
18.3976
18.4887
18.3935
18.1517
18.0926
18.6968
18.0941
18.13
18.6762
18.1171
18.2491
18.1446
18.6712
18.1651
18.4761
18.0607
17.7807
18.3993
18.3005
18.0905
18.4846
18.2623
18.2981
18.5902
18.033
18.2694
17.9321
17.9082
18.0515
18.3742
18.5671
18.4489
18.5323
18.1041
18.2516
17.9291
18.3288
17.7944
17.9747
18.2862
18.1603
18.5819
18.1404
18.317
18.0071
18.0799
18.438
17.8884
18.2804
18.1004
18.4329
18.2081
17.9318
18.0298
18.2214
18.3515
18.2238
18.3656
18.3109
18.3929
18.1335
18.6133
17.9076
17.7487
18.6301
18.5615
18.2717
18.7056
18.0405
18.1269
18.1719
18.4708
18.1104
18.2564
18.1658
18.364
17.57
18.1731
17.9786
18.8454
18.2248
18.255
18.6196
18.5022
18.5952
18.3064
18.373
18.0816
18.3016
18.2488
17.9051
17.9197
18.5864
18.4159
18.3825
18.5093
18.6772
17.6444
18.4597
18.0294
18.2207
18.1762
18.1347
18.0847
18.2572
18.0624
18.1018
18.1609
18.1729
18.316
18.554
18.2814
18.402
17.8958
18.2046
18.2761
17.7724
18.3079
18.1134
18.1263
18.1417
18.3233
18.5026
18.4252
18.3101
18.2295
18.2557
18.3352
18.1784
18.591
18.1885
18.1886
18.7266
18.1142
17.771
18.1282
18.2903
18.2052
18.5887
18.3345
18.3882
18.1226
18.1747
18.3711
18.2132
18.203
18.3869
18.1897
18.2202
18.4243
18.0711
18.3854
18.6321
18.3879
18.6692
18.3042
18.2875
18.5888
18.3806
18.3296
18.1553
18.2975
18.4365
18.1749
18.323
18.6533
18.2918
18.1706
17.8344
18.3469
18.1959
18.0034
18.2955
18.0196
18.0924
18.5342
18.1691
18.158
18.4355
17.9827
18.4416
18.2066
18.7183
18.4814
17.9441
17.9549
18.2034
18.2596
18.0188
17.7396
17.8382
18.4665
18.3395
17.9859
18.5427
18.3489
18.2803
18.6335
18.2338
18.119
17.8351
18.0127
18.5599
18.2833
18.166
18.0561
18.1955
18.5461
18.1244
18.2328
18.3174
18.0487
18.209
18.4241
18.2048
18.2964
18.3477
18.3029
18.1264
18.2328
18.4689
18.5388
17.8801
18.3574
18.7421
18.3554
18.2479
18.4194
18.082
18.0559
18.2404
17.9241
17.7761
18.0479
18.0743
17.8218
18.2808
18.4647
18.324
18.2736
18.3944
18.6566
18.3239
18.274
17.9981
18.3959
18.3344
18.203
17.897
18.2876
18.0932
18.7888
18.1636
18.5773
18.1017
18.4283
17.8822
18.3924
18.3692
18.4863
18.431
18.0053
18.9167
18.1038
17.9838
18.2275
17.7242
18.0977
18.4281
18.597
17.7002
18.0107
18.3656
17.7111
18.6061
18.2817
17.8813
18.4664
18.5947
18.4749
18.1444
18.7566
18.0598
17.8526
18.3277
18.3246
18.1296
18.6595
18.2644
18.4511
17.8975
18.1551
18.3568
18.3395
18.4039
18.1743
18.0373
17.9638
18.0558
18.2444
18.4675
18.3016
18.4593
17.7314
17.7453
18.1211
18.5745
18.7831
18.2631
18.2866
18.7502
18.1
18.479
18.5462
18.1961
17.9855
18.2717
18.4083
18.2562
18.3559
18.7681
18.1905
18.6568
18.2169
18.7609
18.2434
18.7703
18.4798
18.413
18.2648
18.2284
18.0381
18.2245
17.9909
18.1227
18.1746
18.0914
18.2341
18.1386
18.0528
18.3117
18.4681
18.5019
18.2511
18.1354
18.4688
17.7807
17.9587
18.3056
18.1053
18.3333
18.5798
17.9056
18.5121
18.5035
18.226
18.1643
18.3917
18.4916
18.8016
18.1066
18.221
18.2259
18.7084
18.487
17.8621
18.209
18.2951
18.3638
19.0172
18.5614
18.291
18.3744
17.9726
18.176
18.3127
18.1078
18.4702
18.4108
18.1938
18.1861
17.9992
18.123
18.2273
18.015
17.9348
18.4109
18.0146
17.9027
18.5192
18.1991
17.993
17.8798
18.481
17.8075
17.8403
18.1227
18.4955
18.2079
18.4356
18.3647
17.6356
18.3384
18.3845
17.8717
18.2029
17.9725
17.8261
18.1398
17.9964
17.8466
17.827
18.403
18.3582
18.2476
18.4692
18.3006
18.5467
18.2875
18.1637
18.1504
18.361
18.4478
18.3277
18.2347
17.919
18.5557
18.1802
18.755
18.3319
18.1941
18.3708
18.0982
18.4732
17.851
18.3918
18.4399
17.8926
18.3003
18.2575
18.2383
18.0325
18.4476
18.133
18.2394
18.4928
17.9432
18.096
18.5178
18.3142
18.0303
18.1452
18.3621
18.7541
18.1601
18.1531
18.0068
18.0804
17.9002
17.9562
18.7907
18.5222
18.1601
18.4374
17.8215
18.1801
18.4004
17.8431
18.3329
18.6359
18.2359
18.0657
18.1625
18.2743
18.4773
18.3533
18.2797
18.891
18.4039
18.2249
18.3426
17.8762
17.8821
18.2826
18.1953
18.0456
18.1949
17.5183
17.9785
17.8815
18.2422
18.3253
17.5861
18.1126
18.1484
18.2266
17.8741
17.9498
18.293
18.1023
17.9624
17.9728
18.1832
18.3471
17.9382
18.4752
18.4961
18.6289
18.3384
18.519
18.2632
18.3435
18.4776
17.9513
18.1162
18.2313
18.3537
18.102
18.5914
18.3409
18.5583
18.0631
18.0631
18.4797
18.1505
18.4343
18.1565
17.925
18.0047
18.5567
18.0217
17.9957
18.1474
17.9907
18.1543
18.2071
18.0437
18.1008
18.3611
18.4215
18.3046
18.0516
18.4766
18.524
18.3972
18.3075
18.4405
17.9474
18.0891
18.2423
18.1211
18.0618
17.8851
18.6016
18.1276
17.7573
18.6515
18.3426
18.1947
18.2813
18.0823
17.9544
18.2278
18.0413
18.2303
18.2085
18.1891
18.1345
18.0948
18.3181
18.1663
17.6518
17.6794
18.4583
18.5246
18.6818
17.8392
18.5658
18.1886
18.0796
18.0109
18.2669
18.0238
18.3799
18.1112
18.3075
18.3142
18.1139
18.3205
17.7744
18.4676
18.2469
18.4523
18.5879
18.2942
18.5598
17.9152
17.8829
18.4088
17.9518
18.3817
18.1854
18.0491
18.1864
17.998
17.9094
18.4291
17.7546
18.534
18.3966
18.3451
18.2163
18.0937
18.2372
18.3153
17.9973
18.1558
18.3424
18.2418
18.4418
18.584
18.4311
18.0788
18.1799
18.4864
18.5277
18.5098
18.349
18.0069
18.8148
17.9342
18.3036
17.8921
17.7735
17.923
18.5762
17.9975
18.169
18.5671
18.0358
18.464
18.4509
18.0226
18.2578
18.3224
18.0739
18.7368
18.405
18.2395
18.7487
18.1692
18.6193
18.3541
18.5729
18.7108
17.8901
18.4931
18.8112
18.3001
18.4194
18.6215
18.2125
18.1513
18.3363
18.4669
18.0359
18.0003
18.4086
18.3341
18.2672
18.0171
18.1395
17.9598
18.6515
18.4509
18.2918
18.3718
18.7043
18.0459
18.68
18.4118
18.1514
18.4719
18.2117
18.1299
18.064
18.5067
18.3811
18.4793
18.1454
18.2683
18.5335
17.847
17.9684
18.3569
18.0063
18.096
18.1159
18.118
18.5096
18.1216
18.2846
18.4272
18.6238
18.1712
18.1287
18.554
17.8448
18.3412
18.8992
17.9755
18.1226
18.3095
18.06
18.8246
18.4697
18.4452
18.2985
18.4311
18.3584
18.4004
17.958
18.2042
18.2458
18.0504
18.6413
18.3398
18.242
18.4773
18.2366
18.684
18.071
18.232
18.5677
18.2745
18.4347
18.5247
18.2626
18.6069
17.9257
18.0824
18.4354
18.6016
18.2017
18.1856
18.3647
18.0025
18.3694
18.7617
18.4298
18.2918
18.5319
18.1231
18.0665
18.3166
18.7257
18.0698
18.1247
18.0748
18.5841
18.0535
18.5794
18.3836
18.6214
18.4838
18.1827
18.5163
18.4217
18.1835
18.0158
18.1788
17.9429
18.1448
18.034
18.1421
18.2028
18.4551
18.2783
18.2784
18.1086
18.3905
18.613
18.1349
18.2052
18.1589
17.4861
18.0802
18.508
18.4255
17.9813
17.8376
18.3322
18.2875
18.2642
18.3881
17.8834
18.6394
17.94
17.8958
18.6025
18.4281
18.2473
18.3071
18.4091
18.1606
18.4887
18.4805
18.8037
18.5391
18.4523
17.9005
18.2784
18.5519
18.3997
17.9227
18.2866
18.3125
18.6277
18.4521
18.784
18.3445
18.4004
18.0378
18.1007
18.4124
17.9795
18.1425
18.3695
18.3107
18.247
18.4317
18.161
17.9712
18.0984
18.2357
18.3709
18.6697
18.3012
18.081
18.4884
18.5659
18.4535
18.1883
18.504
18.2506
17.7744
18.2823
18.1142
18.2567
18.5146
18.3215
18.2704
18.3222
18.3922
18.3058
18.1759
18.048
18.5581
18.2851
17.9317
18.395
17.9848
18.1821
18.3417
18.6198
18.2383
17.7158
18.6196
18.2501
18.2345
18.0735
18.4086
18.348
18.1941
18.3151
18.7222
18.2613
18.2257
18.4488
18.2849
18.2962
18.0433
18.4855
18.5666
18.0555
18.0341
18.4129
17.99
18.3087
17.6113
18.4943
17.8124
18.3076
18.3607
18.6092
18.208
18.0915
18.8266
18.1978
18.4819
18.0814
17.6898
18.2352
18.001
18.174
18.2469
18.3377
18.7228
18.7814
17.722
18.2548
18.3258
18.7444
17.9577
18.4073
18.1808
17.9624
18.5391
18.846
17.8834
18.2172
18.1985
18.051
18.3651
18.207
18.4704
18.5229
18.4426
18.2856
18.1056
18.2139
18.3891
17.8979
18.3447
18.198
18.33
18.2647
17.966
18.2252
18.0898
18.5089
17.9491
18.4084
18.6354
18.4383
18.1126
17.9324
18.0902
18.4247
17.7795
18.6451
18.2538
18.1662
18.2864
18.3074
18.2013
18.4713
18.0455
17.9054
18.2559
18.3642
18.3176
17.8275
18.6628
18.1719
18.6447
18.0194
18.195
18.3175
18.3352
18.5054
18.7212
18.1782
18.1231
18.4096
18.6139
18.2224
18.2517
18.1068
18.1495
18.5733
17.6936
18.5429
18.2535
18.1672
18.3928
18.1369
18.4495
18.1644
18.3198
18.2757
18.3217
18.3423
18.1313
18.3507
17.992
17.1778
18.3949
18.0215
18.1444
18.2691
18.1955
18.3048
18.1511
18.0215
18.0874
18.2527
18.1677
18.4255
18.2368
18.0269
17.9921
18.3102
17.8558
18.4708
18.1113
17.9906
18.2339
18.6885
18.6836
18.4021
18.2063
18.1311
18.4959
18.3796
18.6884
18.053
18.1756
17.9006
18.5384
17.8929
18.1951
18.2415
18.4576
18.3478
18.526
18.2195
18.0319
18.3377
17.9515
18.3134
18.5089
18.2311
18.5116
18.4415
18.0697
18.3062
18.4583
18.0717
18.206
18.2531
18.1598
18.2635
18.3135
18.1144
18.4727
18.2302
18.6471
18.3542
18.1564
18.5028
18.2198
18.1908
18.5107
18.5178
18.4501
17.987
18.1219
18.4305
18.3134
18.1972
18.1834
18.4278
18.3577
18.7074
18.1536
18.4411
18.472
17.8888
18.1727
18.123
18.2949
17.8251
18.5659
18.5933
18.4676
18.6044
18.0887
18.1311
18.7653
18.3782
18.2941
18.5403
18.0722
18.4668
17.9515
18.1863
18.1928
18.1489
18.402
18.472
17.9839
18.168
17.9328
18.0882
18.2045
18.4264
18.7357
18.2733
18.339
18.3687
18.504
18.3384
18.7547
18.0242
17.8146
17.9207
18.3758
18.5841
18.2144
18.3038
18.3858
17.8076
18.3581
18.4483
17.9899
18.6086
18.6126
17.7551
18.3429
18.6647
18.2158
18.6445
17.9621
18.855
18.343
18.5348
18.274
18.0312
18.815
18.5972
18.5052
18.6922
17.8411
18.3454
18.405
17.9925
18.1383
18.2009
18.2464
17.8151
17.9827
18.2084
18.4057
17.8783
18.687
18.4314
18.1394
18.6322
17.9931
18.2498
18.2659
18.0961
18.4803
18.2311
17.9496
17.7445
18.2325
18.5762
18.063
18.1611
18.0017
18.1273
18.5752
18.0302
18.2519
18.1838
18.127
18.3707
17.8421
18.4144
18.237
18.5536
18.0871
18.412
18.1213
18.3931
18.4427
18.4881
18.0765
18.4642
17.9466
18.0527
18.3714
18.312
18.2811
18.3616
18.37
18.3066
17.9602
18.5189
18.2391
18.3047
17.9096
17.7133
18.31
18.4073
18.2543
18.4574
18.4699
18.3935
17.9883
18.5804
18.0918
18.1263
18.3703
18.492
18.3843
18.0531
18.5226
18.8231
18.3828
18.0941
18.3998
17.968
18.4167
18.4957
18.1395
18.0564
18.5633
17.7892
18.029
18.6277
17.695
18.1162
18.4775
18.2251
17.9803
17.9918
17.9213
18.4047
18.2451
18.0691
18.2452
18.4189
18.4465
18.1118
18.5947
18.2455
17.9835
18.238
18.0827
18.6068
18.5387
18.3743
18.0117
18.0618
18.3785
18.0504
18.1346
18.3997
18.0623
18.6729
18.2707
18.2144
18.0317
17.9814
18.191
18.0812
18.4223
18.3986
18.4403
18.1735
18.1723
18.0397
18.0842
18.7185
18.3463
18.2655
18.4551
18.1804
17.865
18.3821
18.8059
18.4307
18.1795
18.4158
18.0579
18.4084
18.384
17.9155
18.7037
18.7178
18.4355
18.2724
18.3394
18.1726
17.8551
18.2428
18.3933
18.5201
18.4622
17.9983
18.127
18.5492
18.2981
18.3972
17.6875
18.1479
18.0249
18.6633
18.3494
18.5144
18.7261
18.195
18.9137
17.9375
18.286
18.3056
18.2602
17.9407
18.5584
18.1094
18.1564
18.718
18.3271
18.5503
18.3166
18.4469
18.0033
17.9402
18.2513
18.18
17.9705
17.7142
18.5674
18.0327
18.2405
18.0401
18.2036
18.3578
18.2451
18.4194
18.293
18.1781
18.179
18.2101
18.1785
18.2965
18.1029
18.5519
18.1548
18.4056
18.3126
18.2318
18.4134
18.3586
18.3104
18.3559
18.1043
18.329
17.5223
18.3295
18.2756
18.198
18.2986
18.3205
18.5203
18.206
18.0451
18.2096
18.1198
18.1747
18.0613
18.7619
18.266
18.4395
18.4933
18.258
18.27
18.213
17.9135
18.3576
18.181
18.106
18.1127
17.7145
18.6367
18.373
18.6091
18.1971
18.3175
17.9762
18.1061
18.0649
18.1551
18.214
18.6434
18.6051
18.428
18.3751
17.8047
18.3808
18.1155
18.5101
18.1347
18.7178
18.1163
17.9891
18.4834
18.6756
18.2747
18.203
18.1816
17.9285
18.5373
18.4479
18.4751
18.1317
18.638
18.1104
18.2081
18.0734
18.0903
18.153
18.5072
18.0526
18.4849
17.9766
17.9656
18.1076
18.2842
18.5744
18.1083
18.1096
18.0949
18.7654
18.4047
17.8985
17.7091
18.7482
18.2704
18.3655
18.2499
18.2906
17.7979
18.2196
18.3959
18.4716
18.6337
18.2897
18.4206
18.4742
18.0635
18.2505
18.168
18.6983
18.2434
18.2985
18.5319
18.2536
18.0792
18.4143
18.1288
18.2
18.0938
18.2696
18.1502
18.4969
18.2065
18.399
18.0385
18.145
18.1501
18.2282
18.3128
18.0589
18.2474
18.1236
18.0393
18.0487
18.1209
18.1503
18.3821
17.603
18.7621
18.4504
18.3129
18.1943
18.5067
17.9652
18.041
17.7984
18.6678
18.1852
17.8719
18.4198
18.2033
18.182
18.4787
18.2559
18.3458
18.3611
18.2104
18.4211
18.2093
18.0907
18.1805
18.6532
18.1668
18.5986
17.848
18.2663
17.9879
18.1206
18.1206
18.1441
18.3039
18.0812
18.2461
18.4167
18.3863
18.4788
18.6601
18.3597
18.0772
18.5436
18.4268
18.0731
17.8417
17.9746
18.3714
18.6331
17.7842
18.0846
18.4069
18.0957
18.1172
17.9785
17.6994
17.9572
18.2254
18.1503
18.4948
18.0587
18.1142
18.326
18.116
18.2712
18.1568
18.1425
18.3708
18.3232
18.263
18.2149
17.7684
18.4362
17.9549
18.0962
18.6563
18.6691
18.441
18.1508
18.1737
18.8452
18.4333
18.1726
18.1573
18.5212
17.8852
18.0802
17.6598
18.6872
18.4445
18.0948
18.3745
18.3963
18.3541
18.2396
18.0262
18.4475
17.894
17.5865
18.0558
18.0575
18.6433
18.6718
18.2875
18.2758
18.2906
18.3147
18.1083
18.1824
18.4596
18.2561
18.4338
18.4302
18.5403
18.4333
17.9297
18.5683
18.8251
17.859
18.1232
18.0834
17.9198
18.6655
17.9261
18.0657
18.4475
18.0678
18.1455
18.1139
17.4987
18.5578
18.0317
17.9984
18.2745
17.9993
18.4923
18.4087
18.4443
18.5467
18.2822
18.2464
17.9993
18.3311
18.3372
18.2996
18.2175
18.1078
18.4887
18.2846
17.7537
18.0113
18.4974
17.7718
17.8081
18.15
18.0596
18.3971
18.3101
17.9708
18.3517
18.6094
18.0616
18.2129
18.1719
18.4586
18.3066
18.258
18.214
18.3921
18.1975
18.273
17.8724
18.3612
18.4974
18.0131
17.9704
17.9285
18.4831
18.017
18.3771
18.0013
18.826
18.4096
18.1202
18.146
18.245
18.3394
18.1446
18.222
18.2016
18.3296
18.3891
17.844
18.2294
18.6201
18.1103
17.9038
18.2361
18.4742
17.8897
18.3895
18.5635
18.1673
18.2171
18.2869
18.2266
17.7683
18.2771
18.3792
18.1479
18.1944
18.164
18.0091
18.6301
18.1933
18.1504
17.933
18.1191
18.2446
18.1753
18.0845
18.452
18.4076
18.4957
18.2305
18.1968
18.3666
18.2019
18.1117
18.1025
18.3205
17.9538
17.9577
18.3767
17.9565
18.415
18.1228
18.5035
18.5654
18.3562
18.2692
18.3539
18.1283
18.451
18.5737
18.5905
18.4244
18.4269
18.6461
18.5081
18.2597
17.7658
18.4541
18.2009
18.7045
18.1592
18.2754
18.0642
18.0306
17.8849
18.1782
17.9916
18.2481
18.3049
18.2807
18.1571
18.3467
18.1029
18.3393
18.4113
17.8756
18.57
18.1282
18.2853
18.2742
18.0614
18.2583
18.7299
17.7959
18.4013
18.0272
17.8589
18.162
17.9918
18.8305
18.5309
18.5173
17.7797
18.3432
18.3204
18.4751
18.6279
18.2248
18.364
18.484
18.4712
18.0273
18.7443
18.5696
18.3831
18.2427
18.476
18.2635
18.7542
18.6179
18.7188
18.3241
17.9132
18.407
18.0923
18.4127
17.9757
18.4107
18.111
18.3573
18.3978
18.1579
18.1747
18.0892
18.6533
18.3554
18.2319
18.1152
17.719
18.0889
18.499
18.4585
17.7623
18.2668
18.1267
18.2482
18.836
18.3438
18.5974
18.1454
18.4272
17.8532
18.3174
18.0926
18.1129
18.5758
18.4269
18.1274
18.2455
18.0326
18.4079
18.2455
18.1714
18.294
18.3385
18.1266
17.8169
18.0029
18.2441
18.2917
18.1874
18.362
18.3178
17.9647
18.1617
18.1751
18.4173
17.7769
18.1852
18.4929
18.6814
18.5298
18.4
18.3719
18.3626
18.5714
18.0937
18.4381
18.1185
18.5405
18.3439
18.5411
18.1696
18.6803
18.4069
17.9696
18.2111
18.7993
17.8808
18.3414
18.1852
18.239
18.4054
18.1052
18.0001
18.2833
18.5598
18.4143
17.8698
18.243
18.3583
18.1414
18.5124
18.4696
18.1016
18.2578
18.0731
18.5739
17.9756
18.2993
18.0633
18.101
18.5273
18.0119
18.3932
18.639
18.5188
18.0887
18.3583
17.9916
18.1532
18.1428
18.4892
18.4775
18.0683
17.9497
18.0905
18.5639
18.3366
17.7901
18.0139
18.2245
17.9763
17.8727
18.2998
18.6368
18.0415
18.4924
18.5554
18.8527
18.4865
18.0595
18.5312
17.7776
18.3265
17.8008
17.7328
18.405
18.5591
18.1396
18.2143
18.1723
18.4943
18.1903
18.2092
18.1126
17.7925
17.9092
18.3841
18.2893
17.9891
17.981
17.9504
18.3504
18.3533
18.2592
18.2297
18.1938
18.251
18.1333
18.415
18.1173
17.8283
18.2617
18.3413
18.6798
18.2674
18.3528
18.3254
17.8627
18.3668
18.0074
17.9339
18.3774
18.1532
18.2747
17.9862
18.8069
18.2903
18.4704
18.3484
18.1857
17.9542
18.2058
18.2504
18.0803
18.0523
18.3184
18.4853
18.6211
18.1233
18.1832
18.5816
18.1033
18.3117
18.2482
17.8351
18.4457
18.1172
18.2038
18.1119
18.2767
18.473
18.1581
18.1061
18.3091
18.0364
17.7011
18.4089
18.8569
18.5933
18.3224
17.9748
18.4431
18.3308
18.2321
18.514
18.1543
18.7384
18.2431
18.5506
18.1466
18.1061
18.5468
18.344
18.5772
18.7627
17.8939
18.6362
18.2822
18.1262
18.0057
18.5976
18.2687
18.2562
18.1422
18.1332
18.2639
18.172
17.9845
18.5266
18.1376
18.2992
18.3316
18.4339
18.4333
18.3557
18.5912
18.2346
18.1849
17.9224
18.0432
18.218
18.8438
18.0795
18.4138
18.3766
18.1856
17.8619
18.2125
18.2886
18.1851
17.8964
18.162
18.2577
18.1684
18.5101
18.2952
17.9449
18.4854
18.1084
17.8826
18.3563
17.4646
17.9455
18.1274
18.1776
18.019
17.9434
18.3159
18.0096
17.9914
17.9987
18.1834
18.5237
17.8353
18.1802
18.2105
18.2551
18.3934
18.1424
18.3047
18.3754
18.5978
18.8107
18.1617
18.6236
18.2695
18.4958
18.5
18.1463
18.3574
18.1797
18.2673
18.4607
18.6623
17.7789
17.8457
18.8194
18.1835
18.2454
17.8833
18.4818
18.2205
18.0597
18.1871
17.887
18.458
18.1092
17.8092
18.0848
18.602
17.8047
17.974
18.1231
18.2163
17.9305
18.2169
18.2358
18.3441
18.2189
18.3545
18.4111
17.7129
18.0255
18.4211
18.3804
18.0264
18.0317
18.3203
18.3698
18.4457
18.1487
18.5429
18.4025
18.1884
18.0453
18.7863
17.9913
18.5943
18.5582
17.772
18.3878
17.9309
18.5656
18.1526
18.1946
18.5301
18.369
18.2598
18.3491
18.1633
18.2762
18.0661
18.5128
17.9392
18.3039
18.4294
18.2039
18.1635
18.4039
18.4429
18.3144
18.1864
18.1039
18.4723
18.3298
18.3173
18.1511
18.0969
18.2907
18.5781
18.2817
18.2699
18.316
17.9484
18.1152
18.361
18.299
18.2559
17.9013
18.0656
18.4473
17.8934
18.2803
18.1441
18.225
17.8211
18.3592
18.6049
18.6731
18.0648
18.6845
18.1935
18.1087
17.8209
18.0618
18.6846
18.3113
18.5488
18.2757
18.2184
18.047
18.6103
18.3723
18.0138
17.8831
18.2317
18.198
18.3578
18.165
18.4156
18.6202
18.602
18.3506
18.3313
18.0854
18.4186
17.9763
18.5877
18.1846
18.2201
18.4197
18.0672
18.3789
18.4392
18.0254
18.4493
18.5754
18.4621
18.1249
18.4188
17.9949
17.7683
18.4043
18.1823
18.0978
18.0799
18.1747
18.4976
18.2181
18.5229
17.9797
18.0777
18.0252
18.4859
18.3857
18.3418
18.7566
18.3107
18.0995
18.5798
18.0064
18.5234
17.9072
18.1075
17.7643
18.1447
18.4692
18.4049
18.5061
18.1221
17.7359
17.9094
18.434
18.0655
18.4506
17.9879
18.4878
18.6784
18.249
17.9841
17.9725
18.0447
18.2767
18.109
18.2652
18.1235
18.1036
18.3475
18.1696
18.152
18.0323
18.4633
17.8159
18.4966
18.5296
18.1753
18.2312
18.3317
18.5486
18.0824
18.6018
18.0978
18.0514
18.137
18.1603
18.3291
18.4071
17.9334
18.2864
17.8007
18.1733
18.1769
17.5669
18.4508
18.4077
18.1365
18.3751
18.0913
17.9497
18.0667
18.0045
18.1323
18.233
18.0131
18.3631
18.3008
18.3737
17.9232
18.1996
18.2791
18.129
18.0462
18.436
18.2529
18.2805
18.1737
18.1152
17.9501
18.5059
18.0954
18.1856
18.3135
18.2656
18.4889
18.0564
18.8942
18.2458
18.429
18.3387
17.9526
18.6556
18.955
17.9286
18.0186
18.3248
18.1234
18.5348
18.3588
18.209
18.4321
18.3029
17.6628
18.2768
17.9706
18.4818
18.5339
18.2653
18.2656
18.1601
17.7528
18.2733
18.2553
18.2027
17.6627
18.279
18.3091
18.0717
17.8564
18.4603
18.2667
18.1984
18.2961
18.3186
18.1722
17.8009
18.2572
18.3127
17.8373
18.2064
18.1082
17.7456
18.6807
17.779
18.0532
18.6487
18.0061
18.369
18.4664
18.6255
18.1383
17.9501
17.9136
18.5318
18.0062
18.2471
18.1594
18.5464
18.2772
18.3863
18.3588
18.4512
18.0863
18.4451
18.6332
18.2796
18.5982
18.1777
18.3888
18.0336
18.0242
18.2346
18.3774
18.3302
18.034
18.4687
18.1882
18.2891
18.0802
18.1027
17.8805
18.3773
18.5012
18.057
18.7637
18.4918
17.9781
18.1266
17.8101
18.64
18.1389
18.3591
17.8783
18.9174
18.3818
18.2881
18.5971
18.4933
18.3906
18.6391
18.2401
18.3234
18.4324
18.1047
17.8974
18.28
18.0706
18.1599
18.2255
18.3159
18.7751
18.2482
18.3051
18.4909
18.5096
18.2099
18.865
18.377
17.9685
17.8794
18.5929
17.9975
18.2269
18.8554
17.7234
18.159
18.2869
17.9649
18.5496
18.472
18.6256
18.2281
18.4433
18.1549
18.5712
18.2818
18.1353
18.1274
18.1496
17.6577
17.7938
18.126
18.1
18.7688
17.9387
18.6139
18.6225
18.1678
18.1634
18.0703
17.9927
18.4567
18.4828
18.2692
18.3584
18.2475
18.1354
18.2912
18.5099
18.0645
17.7532
18.3961
18.5484
18.5144
18.0033
18.5116
18.2784
18.6599
18.248
18.1442
18.2778
18.5403
18.3749
18.4784
18.3996
18.2234
17.9278
17.6615
18.4401
18.219
18.1394
17.9944
18.5822
18.075
18.2039
18.0467
18.1215
18.585
17.4162
18.5854
18.1713
18.0699
18.3024
18.616
18.134
18.1731
17.8448
18.0259
17.8793
18.1366
18.0106
18.4471
17.7331
18.174
18.5486
18.4492
17.7812
18.1379
18.3391
18.3353
17.9471
17.7224
18.357
18.1942
18.2091
18.5766
18.4109
18.6613
17.9789
18.3257
18.3683
17.9663
18.4995
18.1561
18.3762
18.2656
17.7778
18.3001
18.3224
18.3989
18.5926
18.659
18.5438
18.333
18.4988
18.2111
18.3461
18.5511
18.386
18.2983
18.4686
18.4839
17.9841
18.1951
18.3442
18.4076
18.2216
18.5284
18.3181
18.2638
18.3799
18.2353
18.4728
18.0012
18.427
18.5077
18.2747
18.2986
18.4118
18.0799
18.1818
18.4731
17.9338
18.3918
18.5818
18.0059
18.4004
18.2439
18.3372
18.284
18.2154
17.9258
18.2867
18.4493
18.1441
17.9014
18.0139
18.3269
18.3372
18.0976
18.2607
18.663
17.9665
18.18
18.1805
17.9727
18.3083
18.4606
18.4783
17.9958
18.0711
18.1504
18.1253
18.0689
17.8595
18.424
18.0913
18.2767
17.8361
18.1253
18.4614
18.4347
17.7806
18.0543
18.1762
18.0801
18.229
18.4225
17.9662
18.1403
18.1385
18.3922
18.1168
17.8908
18.074
18.337
18.6009
18.1032
18.6695
18.2062
18.2738
18.1252
18.3458
18.4029
18.7641
18.1959
18.13
18.1597
18.2534
18.5916
18.4417
18.2671
17.6152
19.0154
18.2159
18.0685
18.1175
18.5307
18.0013
18.498
18.2675
18.7324
18.6251
18.1973
18.5127
18.246
17.8553
18.3583
18.4035
18.5226
18.0521
18.3922
18.1541
18.5466
18.4043
18.2974
18.4472
18.5656
18.0835
18.5831
18.6526
18.1514
18.2072
17.9528
17.935
17.8576
18.0957
18.3097
18.0214
17.9598
18.1274
18.635
18.3033
18.4434
18.2262
18.4784
18.2484
18.3194
17.6273
18.6018
18.0384
18.1177
18.1386
18.192
17.802
17.8438
18.1326
18.3832
18.2071
18.6348
18.1391
18.4723
18.1417
17.956
18.2
18.201
18.428
18.1684
18.331
18.1416
17.9763
17.9917
18.2985
18.222
18.4799
18.4133
18.0844
18.5634
18.1382
18.6628
18.4344
18.0857
18.6012
18.2805
18.9376
18.5046
17.9148
18.1487
18.2764
18.093
18.5019
18.4658
18.6169
18.6049
18.1107
17.8594
18.6563
18.0454
18.3437
17.9735
18.371
18.5114
18.1783
18.2385
17.9127
18.2582
18.165
18.5326
18.139
18.3795
18.132
18.0877
18.4429
18.1959
18.0307
18.2307
18.4249
18.432
18.1719
18.1477
18.3894
18.318
18.2593
17.9926
18.0523
18.4366
18.2754
17.9124
18.4426
17.8517
17.8809
18.2224
18.0197
18.2549
18.2191
18.2225
18.4838
18.3712
18.1174
18.1631
18.4992
18.4339
18.1953
18.0726
18.3513
17.8841
18.2414
17.7319
17.9994
17.6744
18.2145
18.3834
18.7053
18.2774
18.2
18.1742
18.0219
17.9329
18.4423
18.1066
18.6459
18.6724
18.484
18.0335
18.2241
18.3263
17.9797
18.3023
18.2485
18.3524
17.934
18.1947
18.1163
18.0296
18.4053
18.2452
18.0993
17.9477
18.3407
18.0321
18.0952
18.2297
18.4191
18.1496
18.4342
18.4627
18.139
18.3788
18.6923
18.6188
17.9836
18.6951
18.1464
18.6401
18.2735
18.3304
18.5887
18.3809
18.1434
18.0882
18.45
18.6457
18.3686
18.3587
18.2697
17.9859
17.845
18.2403
18.2038
18.0956
18.308
18.4786
18.0904
18.2423
18.2899
18.0568
18.3049
18.1198
18.591
18.8387
18.0288
18.2015
18.6056
18.5994
18.3677
18.4118
18.2188
18.1698
18.1474
18.1738
18.4102
18.2569
18.4222
18.3876
18.1882
17.9234
18.4138
18.1032
18.3704
17.7931
17.7789
18.2824
18.1801
18.4443
18.2924
18.24
18.2352
18.8445
17.7921
18.3165
18.6972
18.3187
18.5985
18.1912
17.682
18.3096
18.4958
18.022
18.0017
18.0631
18.015
17.9102
18.1561
18.1504
17.7128
18.5506
18.1242
18.4603
18.1278
18.3912
18.4658
18.4147
18.5943
18.5678
18.3222
18.4235
18.3301
18.3416
18.4054
18.5208
18.3426
18.6472
18.4687
18.1663
18.3281
18.4246
18.6282
18.2314
18.209
18.4845
18.1192
18.3802
18.2321
17.7498
18.1804
18.0278
18.4558
18.1413
18.0568
17.9291
18.2975
18.0356
18.4479
18.4058
18.1012
18.2793
18.7524
18.6696
18.2979
18.4469
18.4129
17.9892
18.3243
18.1869
18.1489
18.1766
18.3963
18.5184
17.9761
18.0868
18.5262
18.1701
18.4331
18.1264
18.3768
18.1394
18.5713
17.9042
18.4368
18.2199
18.5074
18.2588
17.7328
18.4585
18.6902
18.1146
17.9693
18.1854
17.8476
18.2575
18.5132
18.4307
18.3522
18.404
17.8039
18.9233
18.8206
18.4235
18.2142
18.3589
18.0185
18.2767
18.2177
18.1849
18.6774
17.9333
18.1232
18.5744
18.0227
18.3641
18.3368
18.5173
18.4097
18.125
18.0199
18.0908
18.0797
18.6934
17.9579
18.0922
18.0986
18.146
18.3528
18.5036
18.5087
18.265
18.1708
18.4697
18.3238
18.3845
18.2246
18.4098
18.5097
18.4866
18.4031
18.6091
18.1038
17.9329
18.2828
18.2837
18.022
18.3496
17.9175
18.107
17.7955
18.5308
18.1995
18.202
18.297
18.241
18.0597
18.2785
18.0746
18.4124
18.096
17.9036
18.1956
18.6792
18.1722
17.8277
18.5761
18.1772
17.9777
18.3631
18.4048
18.3772
18.5293
18.3699
18.141
18.1144
18.2233
18.3853
17.6797
18.306
18.0463
18.5524
18.4026
18.2755
18.4744
18.0729
17.919
18.0533
18.1898
18.8371
18.2031
18.3166
18.3094
18.3886
18.3764
18.2704
18.6911
18.3106
17.9038
18.0445
18.1032
18.2661
18.1609
18.1895
17.8056
18.5656
17.8017
18.1806
18.6179
18.6625
18.4559
18.0204
18.381
18.4069
18.3761
18.0993
18.5128
18.1771
18.2918
18.0037
18.0832
18.121
17.9786
18.2451
18.3988
18.2833
18.0956
18.1472
17.8387
18.1378
18.4917
18.6282
18.5657
18.0428
17.791
18.0744
18.3099
18.1505
17.8696
18.3178
18.1011
18.564
18.1483
18.3785
17.9163
17.9195
18.3586
18.4171
18.0174
18.6098
18.3472
18.2469
18.3775
18.3338
18.1345
18.0157
18.1523
18.7128
18.5592
17.8561
18.2132
18.3052
18.51
18.1517
18.147
18.5661
18.2638
18.5223
17.737
17.7916
17.9773
18.4223
18.09
18.2294
18.2071
18.105
18.4079
17.9837
18.1888
18.59
18.2769
18.3167
17.5441
18.0197
18.5483
18.0709
18.1953
17.9475
18.0174
18.6531
17.5181
18.4436
18.1587
18.3444
18.6312
18.3681
18.2576
18.1312
18.5569
18.4035
18.3962
18.5242
18.5799
18.3704
18.1476
18.2304
18.5041
17.9204
17.8753
18.3919
18.3434
18.3941
18.0699
18.3029
18.7394
18.4891
18.206
18.0795
18.2152
18.5932
18.5624
18.3962
18.4106
18.3409
18.1444
17.919
18.1569
18.1503
18.2344
18.2281
18.1866
18.0466
18.379
18.2426
17.851
18.335
17.9606
18.3649
18.3163
18.4853
18.3972
17.9033
18.3309
18.1099
18.1337
18.5469
17.8576
18.6117
18.3069
17.9089
18.407
17.6911
18.3575
18.6039
18.1358
18.0732
18.0919
18.2042
18.4948
18.4705
18.2719
18.2054
17.7081
18.5504
18.3825
18.0301
18.2989
18.389
18.2248
17.9218
17.5099
18.1988
18.2062
18.2262
17.928
18.6865
18.3619
18.1881
18.6797
18.244
18.1894
18.2622
18.3489
17.9782
18.2609
18.3565
18.4416
18.324
18.6178
18.1503
18.1767
18.2884
18.2188
18.4417
17.9717
17.5332
18.2421
18.6729
18.0464
18.609
18.1448
18.3618
18.3183
18.3748
17.9401
17.9655
18.1012
18.626
18.4032
18.0584
18.0399
17.8514
18.2261
18.2594
18.1655
18.1671
18.0114
18.372
17.8028
18.5042
18.1604
18.1489
18.5709
18.3719
18.0822
18.0279
18.2327
18.3678
18.3404
18.1257
18.1741
18.0871
18.5263
18.4506
17.9269
18.007
18.4067
18.3038
18.7299
18.3655
18.0313
18.093
18.4315
18.2305
17.888
18.3258
18.5146
18.364
18.4455
18.1724
18.0551
18.2802
18.0535
18.5657
18.3318
18.1451
18.4065
18.2964
18.2245
17.7109
18.4409
18.0579
18.7397
18.3968
18.6697
17.9479
17.78
18.4471
18.0711
17.814
18.242
18.6165
19.0623
18.6669
18.2758
18.4807
18.5237
18.6817
17.7759
18.0591
18.1669
18.4024
18.2235
18.2175
18.1786
18.5915
18.2974
18.2143
18.2669
18.3505
18.4511
18.4419
17.8046
18.1544
18.4015
18.3805
18.2943
18.6723
18.4128
18.1583
18.4125
18.2158
18.2185
18.1211
18.4009
18.5019
18.1612
18.2048
18.1099
17.8808
18.3198
18.3006
18.1137
18.1774
18.4142
17.9417
18.3869
18.4777
17.996
18.4249
18.4655
18.1688
18.2093
18.1492
17.8982
18.5238
17.6349
18.148
18.0765
17.7904
18.1815
18.2322
18.1212
18.1882
18.7336
18.4203
18.2438
18.419
18.2586
18.4022
18.3781
18.6077
18.2976
18.1482
18.4844
18.1128
18.0518
18.2606
18.1836
17.9336
18.3564
18.0731
18.5934
18.2084
17.9576
17.9558
18.1317
18.3564
18.2254
18.5705
17.9708
18.257
18.107
18.207
18.0688
18.1963
18.4887
18.1226
18.6236
18.4012
17.8984
18.0657
18.1243
18.0086
18.2286
18.6004
18.3094
17.82
18.583
18.3211
18.4115
18.1025
18.3935
18.4089
18.0522
17.8794
18.6999
18.0793
18.301
18.1006
18.3019
17.788
18.6022
18.2084
18.5173
17.7077
18.0999
18.0982
18.5636
18.2095
18.1728
18.4721
18.9167
17.9995
18.3611
18.1007
18.0437
18.1213
18.1942
18.096
17.937
18.6827
17.7897
18.1225
18.2962
18.1056
18.4026
18.2849
18.5748
18.5048
17.9443
18.2759
17.9719
18.3151
18.2242
17.9513
18.9508
18.1056
18.1493
18.3168
18.5695
18.5778
18.0038
18.0806
18.0641
18.2038
18.1203
17.8961
17.9557
18.3338
18.3095
18.4498
17.9671
18.1874
18.4875
18.3332
18.202
18.1008
18.2682
18.1146
18.0087
18.4933
18.7876
17.9859
18.4979
18.4848
18.3269
18.3496
18.1188
18.5172
18.4336
18.0456
17.9694
17.9769
17.9702
18.3995
18.5435
18.1598
18.612
17.9122
18.4532
18.0816
17.8501
18.2161
17.8162
18.6029
18.5035
18.496
18.5037
18.5807
17.999
18.845
18.2869
18.1618
18.1888
18.3989
18.0775
18.2378
18.5198
18.3649
18.2188
18.463
18.2464
18.5249
18.1812
18.3016
17.8895
18.1639
17.8782
18.8017
18.3372
18.3363
18.4603
18.4148
18.3975
18.318
18.4643
18.1771
18.348
17.795
18.591
18.3715
18.3861
18.2492
18.0458
18.6529
18.3285
17.7643
17.9545
18.1328
18.2081
18.0862
18.6787
18.4026
18.3525
18.7593
18.4386
18.3246
17.9565
18.4528
18.1881
17.9487
18.3313
18.4167
18.4547
17.776
18.0977
18.3138
18.2366
18.5598
17.7474
18.2674
18.5032
18.0614
18.054
18.1608
18.0372
18.5063
18.2789
18.5939
18.0868
18.4338
18.2747
18.1135
18.2048
18.4687
18.3725
18.2685
18.4918
18.4193
18.4518
18.1074
18.4844
18.0736
18.3986
18.3602
18.5007
18.2968
18.2002
18.2607
18.3398
18.6081
18.3893
17.895
18.0965
17.9119
18.1454
18.3244
18.053
17.7636
18.1461
17.9384
18.2056
18.4124
18.3684
18.7669
18.0763
18.1703
18.5184
18.792
18.0848
18.411
18.104
18.3476
17.7619
18.4736
18.5549
18.2234
18.2661
18.1805
18.2885
18.0166
18.0306
18.1728
18.151
18.2463
17.9476
18.2754
18.5667
18.0918
18.036
18.5534
18.2096
17.9628
18.4455
17.8646
18.0653
18.646
18.0646
17.9176
18.5281
18.0356
18.1704
18.3236
18.2628
18.0997
18.4449
18.2045
18.0135
18.702
18.419
19.065
18.4736
18.2273
18.5221
18.5628
18.4341
18.6001
17.8951
18.0634
18.3246
18.7605
18.308
18.3261
18.2289
18.5743
18.6996
18.0334
18.0183
18.4971
18.6125
18.458
18.4516
18.2979
18.3649
18.0198
18.582
18.0435
18.7397
17.8495
18.1504
18.4523
17.8289
18.0884
18.2515
18.2417
18.371
18.0946
18.3775
18.2924
18.2157
18.0659
18.1838
18.5651
18.2652
18.3664
18.5546
17.8563
18.1337
18.7702
18.1104
18.0342
18.2272
18.0445
18.0758
18.2307
18.2775
18.4647
18.4082
18.0618
18.5981
17.8297
18.2249
17.8539
18.2196
18.6112
18.1737
18.0641
18.1698
17.9844
17.8959
18.4029
18.3047
18.2568
18.6186
18.5056
17.967
18.1595
18.3175
18.0304
18.2593
18.3674
18.4644
18.1912
18.4559
18.143
18.3764
18.2751
18.172
18.4931
18.7086
18.3905
18.2979
18.3641
18.3761
18.141
18.0111
18.4935
18.0093
18.4453
18.1665
18.5429
18.3143
18.1971
18.0983
18.3429
17.9747
18.6174
17.9516
18.3354
18.2263
18.4355
18.4699
18.3931
18.6255
18.1765
18.2036
18.4114
18.498
18.1718
18.1914
17.8696
18.1124
18.211
18.5724
18.3797
18.1743
18.5576
18.4701
18.1686
18.0428
18.048
17.8981
18.3641
17.9873
18.0007
18.4289
18.1954
18.0217
18.1843
18.9683
18.1394
18.0974
18.598
17.9555
18.1314
18.7083
18.2213
18.1748
17.9613
18.1359
18.273
18.3622
18.0311
18.1302
18.0966
18.3087
17.945
18.469
18.3645
18.4335
18.2394
18.3078
18.5834
17.8399
18.5249
17.9541
18.3155
18.0337
18.3192
18.5443
18.2157
18.4557
17.8478
18.355
18.1873
18.4042
18.4926
18.2577
18.2024
18.249
18.3984
18.2319
17.9171
18.3253
18.3452
18.2931
18.2905
18.5341
18.2156
18.0841
18.395
18.7926
18.5568
17.9714
18.3032
18.3628
18.5061
17.6662
18.4706
18.4766
18.2395
17.9276
18.2175
18.6069
18.0387
17.875
18.4855
18.2238
18.4625
18.617
18.67
18.2186
18.2155
18.2243
17.7619
17.9568
17.9963
18.1471
18.3027
18.1674
18.0671
18.1244
17.9808
18.5298
18.2184
18.4019
18.5101
18.3922
18.0078
18.333
18.2301
18.3214
18.4644
18.3829
17.896
18.4215
18.1363
18.1542
18.3608
18.6565
17.921
17.9517
17.9659
18.3424
18.4396
18.0595
18.1979
18.3065
17.8016
18.1394
18.4021
17.9254
18.0305
18.0395
18.8731
18.1922
18.8331
18.1936
17.9625
18.0056
18.1166
18.2334
18.1553
18.7685
18.193
18.8488
18.2871
18.1315
18.198
18.5229
18.4393
18.4225
18.0476
18.4309
18.1155
18.4026
18.2657
18.1351
18.3789
17.9156
18.3183
18.153
18.2208
18.1527
18.5809
18.0833
18.5911
18.3227
18.0938
18.2377
18.4467
18.6348
18.2496
18.4148
18.2692
18.3421
18.2454
18.2284
17.8101
18.086
17.673
18.4057
18.369
18.4929
18.576
17.9428
18.2379
18.2138
18.2887
18.3313
18.6988
18.355
18.3412
17.856
18.1116
17.9239
18.5255
18.1004
17.8985
17.9694
17.9244
18.7817
18.4126
18.6771
18.0854
18.5166
18.2383
18.0406
18.0892
18.1758
18.4989
18.1178
18.36
18.7085
18.1481
18.5804
18.4581
18.0588
18.1115
18.2349
17.4899
18.3661
18.1304
18.1871
18.2361
18.4853
18.3618
18.1414
18.5372
18.4062
18.6029
18.4989
18.4044
18.4717
18.2508
18.3032
18.0347
17.704
18.1196
18.5652
18.3105
18.1027
18.1637
18.4644
18.3316
17.8613
18.3313
17.7808
18.0808
18.5993
18.2436
18.5417
18.0868
18.0386
17.9843
18.085
18.322
18.4816
18.2652
17.7996
18.1298
18.3061
18.5375
18.3144
18.3691
18.4205
18.0534
18.1972
18.318
17.8924
18.5086
18.1051
17.7644
18.3253
17.9244
18.1015
18.4119
18.26
18.0867
18.0647
18.4809
18.2346
18.4348
18.1056
18.2564
18.391
18.1128
18.0499
18.2891
18.0621
18.3412
18.24
17.6292
18.0019
18.3356
18.1051
18.5248
17.8441
17.9856
18.4165
18.5929
18.1639
18.3116
18.409
18.1434
18.23
18.2849
18.2425
18.0815
18.5273
18.5003
18.0635
18.4015
18.19
18.4459
18.2643
18.4342
18.0645
18.0749
18.464
18.4363
18.3017
18.0533
18.3405
18.2531
18.4241
18.0175
18.277
18.2862
18.4191
18.3589
18.4966
17.8341
18.6088
18.6709
18.0823
17.8278
18.5449
18.2481
17.833
18.3224
18.3055
18.2353
18.343
18.5147
18.7032
18.2776
18.6101
18.2055
18.4455
18.6313
18.3382
18.1066
18.2144
18.1356
18.2224
18.6652
18.9049
18.5045
18.4899
17.9634
18.4233
17.8411
18.2807
18.1713
18.0828
18.3322
17.9161
18.3085
18.2822
18.0778
18.1317
18.1841
18.112
18.3771
18.0282
17.7652
18.1858
18.5721
18.506
18.2795
18.1318
18.3894
17.7339
18.4387
18.4254
18.3092
18.1588
18.1679
17.6515
18.3338
18.8118
18.1645
18.2883
18.3183
17.8192
18.1594
18.4209
17.929
18.0723
18.2388
18.0466
18.1903
18.043
17.9506
18.1371
18.262
17.811
17.923
18.3426
18.1588
18.0789
18.5389
18.1617
18.0282
18.3269
18.5049
18.1648
18.1241
17.9166
18.3072
18.5762
17.9254
18.1728
18.2653
18.4908
18.373
18.1611
18.1232
18.3622
17.9004
18.1423
18.4515
18.1121
18.3661
18.2295
18.2667
18.2135
18.4022
18.2275
18.1154
18.2318
18.2749
18.0248
18.5764
18.2014
18.2091
17.7206
18.5306
