1.55243
1.42631
1.11875
1.05781
0.984649
1.00382
1.24981
0.807142
0.929516
1.74378
1.8844
1.21886
1.25101
1.17624
1.76143
1.51748
0.819282
0.847765
1.27923
1.00894
1.42394
1.13156
1.01574
1.67885
1.2655
1.60524
1.38724
0.800974
1.52748
0.937369
1.23736
1.26571
0.935492
1.45065
0.971486
1.15032
1.42911
1.31542
1.54325
1.81173
1.42141
1.13634
0.948557
1.17084
1.10837
1.20461
1.4765
1.40818
1.07886
1.26858
1.21612
1.47289
1.33989
1.08313
1.22975
1.21355
1.2681
1.68449
0.909201
1.20072
1.09101
1.4301
1.41334
1.24721
1.3193
1.62988
0.772574
1.40002
1.32987
0.725625
1.46789
1.67859
0.782643
1.24543
1.52652
1.1401
1.08781
1.62479
1.07417
1.42964
0.901251
1.23356
1.55457
1.55879
1.46524
1.47595
1.10332
1.39519
1.52377
1.30947
0.970022
1.58484
1.64273
1.22068
1.21883
1.33877
1.43866
1.34193
1.14723
1.05663
1.32799
1.64409
1.25915
1.55709
2.00569
1.31648
1.23476
1.03099
1.2244
1.57858
1.338
1.65029
1.43747
1.27447
1.02691
1.04105
0.959986
1.59806
1.75781
1.14428
1.11414
1.06473
1.50726
1.24063
0.815724
0.625542
1.12806
1.45095
1.39412
1.43085
1.17708
1.08053
1.32354
1.60668
1.04688
1.39212
1.41866
1.01945
1.36278
1.39017
1.20533
1.49622
1.6008
1.14814
1.09897
1.61748
1.30688
1.00551
1.23973
1.12759
0.950449
1.6849
0.871252
1.18477
1.3402
0.811123
1.49354
1.20176
1.35343
1.44217
1.5091
1.27924
1.31223
0.934041
0.799601
1.44134
1.13249
0.731673
0.801903
1.23021
1.24608
1.54818
1.25199
0.642799
1.43653
1.26753
1.43723
1.01008
0.972616
1.58341
1.36975
1.35202
1.57283
1.3152
1.7417
1.01688
1.67707
1.38078
1.86974
1.46301
1.10309
1.4922
1.16224
1.14197
1.35019
1.40877
1.20399
1.01429
1.19616
1.0788
1.39534
1.15067
1.43207
1.368
1.65867
1.25495
1.12488
0.962704
1.60881
0.868578
0.82652
1.43439
1.30233
1.16501
1.29731
1.629
1.01147
1.39503
0.813621
1.26516
1.50282
1.52275
1.62896
0.836207
1.62031
0.985021
1.25739
1.41171
1.42201
1.65105
1.08923
1.56317
1.285
1.27731
1.19595
1.54754
1.0134
1.12241
1.41272
1.82275
1.118
1.02953
1.29331
1.44375
1.15438
1.22601
1.18014
1.82917
0.895554
1.00681
1.09915
1.1136
1.50973
1.20176
1.28663
1.20343
1.5523
1.49884
1.40986
1.49577
0.752665
1.28425
0.980459
1.17936
1.54539
1.84036
1.1009
1.12617
1.22525
1.26647
1.51853
1.51309
1.20964
1.37377
1.06792
1.51439
1.12573
1.05416
1.25828
1.43187
1.2453
1.32383
1.43907
1.55359
1.35329
1.87476
1.24153
1.62492
1.30562
1.40692
1.29494
1.21884
1.67865
1.21686
1.4025
1.37894
1.17828
1.51508
1.13568
0.973027
0.94753
1.61851
1.54881
1.46279
1.78539
1.16096
1.22005
1.31077
1.19543
1.48508
1.21009
1.14189
1.23787
0.855104
1.46488
1.52782
1.39532
0.91482
0.953633
1.07231
1.30566
1.00042
1.2238
1.6758
0.88431
0.890894
1.23016
0.99499
0.806015
1.49461
1.17956
1.33831
1.54182
0.984966
1.34986
1.0189
1.20723
1.39103
1.34092
1.28821
1.16684
1.26892
1.05732
1.20276
1.11903
1.43136
1.5494
1.15606
1.38184
1.43657
1.46881
1.15622
1.41969
1.07928
1.40372
1.18911
0.615603
1.08363
1.15746
1.46216
1.05047
1.60833
1.28913
0.967523
1.10915
1.20282
1.59545
1.44606
0.731294
1.43994
1.49804
1.12727
0.987534
1.63187
1.43736
1.33942
1.53817
1.31755
0.964923
1.14805
0.874957
1.24848
1.37786
0.830081
1.19815
1.18913
1.12024
1.42277
0.933312
0.963479
1.01346
0.979948
1.12537
1.69371
1.11215
1.24545
0.678016
1.09616
1.10742
0.999994
1.54442
1.4101
1.08103
2.08172
1.11044
1.21254
1.35172
1.29567
1.02776
0.97922
1.32567
1.35422
1.57115
1.67275
1.15386
1.22143
1.22491
1.32315
1.7486
1.32918
1.28234
1.47826
1.22356
1.03606
1.13812
1.13493
1.07164
1.30337
1.042
1.65725
1.10222
1.51909
1.38572
1.11068
1.19755
1.24593
0.708447
1.51382
1.53333
1.53096
1.09124
0.929546
0.816043
1.17551
1.47676
1.56392
1.22909
1.11123
1.86665
1.25084
1.37457
1.67853
1.10532
0.811214
1.14554
1.40317
1.34242
1.46396
0.69584
1.5717
1.4163
1.1848
1.31085
1.32693
1.41338
1.17979
0.860559
0.746995
1.14579
1.18405
1.39016
1.3476
1.06791
1.39407
1.53361
1.1518
1.23859
1.69086
0.902174
1.14012
1.33196
1.20295
1.15331
1.4412
1.4693
1.37548
1.37931
1.3866
1.58366
1.7893
1.71131
1.12114
1.56784
0.903008
1.40884
1.44411
1.78009
1.71662
0.83739
1.05439
1.5152
1.29697
1.38701
1.41724
1.09306
1.53441
1.13266
1.0079
1.76878
1.41852
1.42212
1.2612
0.877647
1.33171
0.816639
0.852898
1.10839
1.04177
1.23138
1.30292
1.50048
1.34085
1.55196
1.52459
0.929194
1.33456
0.930365
1.23921
1.18088
1.0901
1.41651
1.51742
1.69493
1.30233
1.25918
0.987168
1.01241
1.40517
0.93996
1.58048
1.23594
1.1561
1.10962
1.50149
1.28153
1.39145
1.10506
0.759105
1.34035
1.31871
1.0752
1.43136
1.48826
1.13955
0.64281
1.07789
1.42439
1.04751
1.02897
1.2115
1.04568
1.71138
1.23211
1.10567
1.19295
1.05086
1.28774
1.38243
1.26262
1.17075
1.19657
1.43232
1.2163
1.1067
1.42738
1.16403
1.54348
1.4884
1.47181
1.51032
1.80834
1.63813
1.14047
1.0453
1.33291
1.7065
1.19492
0.907333
1.389
1.13742
1.54367
1.24154
1.29969
1.29688
1.36731
1.4816
1.06432
1.08024
1.14596
1.32595
0.915187
1.04841
1.14941
1.29829
1.54869
0.83544
0.961313
1.46012
1.39227
0.935282
1.74037
0.927002
1.26937
0.984504
1.44061
1.57945
1.18255
1.2936
1.65872
1.19226
1.1231
1.19281
1.22767
1.64198
0.981176
1.09487
0.965306
1.06115
1.17848
1.39654
1.39235
1.04614
1.03276
0.887614
0.932836
1.31295
1.38289
1.10012
1.29015
1.39056
0.829843
1.69251
1.77886
1.27923
1.18108
1.34587
1.30552
1.43973
1.1917
1.04885
1.19134
1.47918
1.11592
1.74665
1.11553
1.16749
1.48679
1.411
1.47532
0.552875
1.43149
1.13929
0.93663
1.21706
1.39203
1.57437
1.44648
1.27877
1.13504
1.61363
1.2119
1.22364
1.45608
1.0618
1.26401
1.02721
1.34663
1.19664
1.20259
1.39657
1.30336
1.42511
1.13599
1.43055
1.42638
1.01564
1.24175
1.29635
1.42768
1.10797
1.47199
1.38933
1.28321
1.26256
1.36945
0.727192
1.03068
1.64321
1.34975
1.35653
1.19999
1.29837
1.02401
1.18705
1.14677
1.24812
1.11874
1.66199
1.37497
1.37797
1.39953
0.949634
1.56632
1.55573
0.766326
1.61763
0.804363
0.91897
1.7818
1.1858
1.20698
1.50844
1.38644
1.04306
1.35191
1.53544
1.39115
1.34417
1.43989
1.31645
1.21623
1.24454
1.25409
1.48177
1.1648
1.31951
0.7207
0.955412
1.12209
1.45702
1.44712
1.67321
2.00204
1.40735
1.29825
0.892462
0.895726
1.39396
1.43481
1.51255
1.31041
1.39004
1.37283
1.25025
0.619133
0.94269
1.44018
1.36664
1.18865
1.13212
1.32637
0.997433
1.32555
1.37959
1.35304
1.35361
1.13132
1.05129
1.25939
1.17023
1.22537
1.17051
0.976846
1.36531
1.84329
1.66144
1.07919
1.43925
1.59616
1.30974
0.970578
1.45518
1.07026
1.30163
1.30511
1.21556
1.5337
1.05293
1.09364
0.974457
1.11194
1.74416
1.02707
1.26019
1.13317
1.23062
1.26384
1.64609
1.00256
1.46151
1.14993
1.20137
1.47963
1.24203
1.13044
1.52736
1.2168
1.18009
1.84803
1.03895
1.42415
1.39382
1.37209
1.30369
1.62695
0.760375
1.07167
1.39701
1.4866
1.21995
1.16892
0.919574
1.41455
0.88851
0.728105
1.24433
1.37592
1.42923
1.3082
1.11402
1.41732
1.28881
1.2265
1.67444
1.38041
1.19238
1.43211
1.30442
1.33257
1.0667
1.38156
1.23881
1.42777
1.13468
0.86756
1.03002
1.42746
1.55432
1.40004
1.34007
0.68881
1.68891
1.04839
1.07262
1.23833
1.41636
1.45875
0.871402
0.978951
1.36757
1.29271
1.54159
1.16184
0.956487
1.36511
1.02225
0.993721
1.27573
1.37442
1.35063
1.15355
1.7331
1.12566
1.23274
1.4251
1.47716
1.36683
1.49067
1.19152
1.07417
1.20045
1.45782
1.3253
1.34449
1.32232
1.21935
1.11831
1.13024
0.937907
1.00602
1.0368
1.09421
1.22101
1.22951
1.61782
1.32946
1.01685
0.763698
1.37175
1.61749
1.26675
1.62119
0.581763
1.20137
1.41124
1.20535
1.09817
1.23462
1.26232
0.805739
1.56073
1.51956
1.14133
1.0006
1.32982
1.17296
1.13423
1.45623
1.44822
1.04153
1.19869
1.76887
1.24971
1.02228
1.0492
1.02097
1.36173
1.51413
1.29247
1.14223
1.19385
1.19531
1.15021
1.36541
1.66996
1.46677
1.0514
0.830932
1.16693
0.979588
1.60601
0.983162
0.98918
1.58979
1.3657
1.68904
1.38875
1.30064
1.39967
1.66809
1.25124
1.21325
1.47884
1.26433
1.22817
1.13633
1.1338
1.00812
1.30695
1.24068
1.74329
1.41786
1.1907
0.851869
1.13302
1.23126
1.27895
1.63364
1.13628
1.8736
1.32871
1.46256
1.00009
1.72061
1.17473
1.46307
1.4782
0.88049
1.28144
1.31197
1.1784
1.61567
1.24812
0.993463
1.2547
1.42534
1.01721
1.39321
1.04111
1.39609
1.52421
1.55122
1.26417
1.45492
1.40957
1.20214
1.56936
0.792862
0.944569
1.6662
1.09403
1.45589
1.37401
1.0843
1.08474
1.33246
0.92464
0.77833
0.889522
1.31393
1.16504
1.23521
1.18452
1.62138
1.13642
1.09474
1.26921
0.781996
0.764242
0.954458
1.78708
1.22823
1.20282
1.5146
1.20252
1.53848
1.46669
0.828785
1.23107
1.49668
1.21357
1.35652
1.34986
1.08236
1.1
1.05379
1.39225
1.36825
1.05132
1.43773
1.08684
0.964116
1.49755
1.52893
1.16273
1.26664
1.00969
1.29365
0.952989
1.17545
1.07671
1.3369
0.957435
1.37125
1.34716
1.26754
1.19211
1.42428
0.776126
1.72659
1.69509
1.53989
1.49781
1.21483
1.19462
1.19551
1.77852
1.35985
1.48989
1.02307
1.69969
1.48763
1.79671
1.70925
1.37179
0.902367
1.09319
1.12405
1.83906
0.843441
1.7927
1.28539
1.30169
0.880836
1.11786
1.09349
0.942981
1.2127
1.03798
0.943698
1.47029
1.12866
1.48925
1.12082
0.876502
0.997109
1.44041
1.41622
1.36702
1.13982
1.58796
1.53811
1.4093
1.78028
1.4287
1.75993
1.255
0.878901
1.00782
1.46258
1.27529
1.83062
1.85555
1.62351
1.08371
0.955326
0.979296
1.4044
1.57249
1.12729
1.46052
0.797387
1.2068
1.22071
1.38868
1.33653
1.38197
1.00255
1.63793
1.63256
1.15846
1.22569
1.00073
1.49195
1.60853
1.63124
0.783596
1.59917
1.58673
1.2256
1.45854
1.17416
1.23204
1.44859
1.2816
1.23787
1.64976
1.65526
1.36942
1.37927
1.48482
1.46995
0.938744
1.68019
1.25862
1.04084
1.25271
1.39412
1.07758
1.39166
1.15653
1.36477
1.50464
1.21225
1.23037
1.49192
1.27551
0.855327
0.858484
1.41747
1.13476
0.87933
1.46699
1.50814
1.42919
1.18437
1.45167
1.55374
1.46035
1.51484
1.01116
1.253
1.17369
1.46911
1.26925
1.28355
1.39566
1.70871
1.18952
1.47152
1.27167
1.18662
1.25255
1.21249
1.49614
1.16647
0.725204
2.1313
1.38398
1.30515
1.68952
1.43345
1.40241
0.995393
1.12019
1.67149
1.90023
1.45097
1.5665
1.23969
0.870878
1.51755
1.25545
1.1347
1.12965
0.97829
1.03131
1.47307
1.32076
0.889406
1.19317
1.54794
1.76057
1.43977
0.94254
0.694553
1.12288
1.6051
1.0658
1.38607
1.07702
0.83955
1.55771
1.57669
1.5206
1.39522
1.36832
0.989892
1.20672
1.01694
1.07082
1.74011
1.60116
1.00134
1.15626
1.20895
1.26026
1.38806
1.63654
1.2793
0.998504
1.05422
1.2479
1.33528
1.13439
0.98578
1.46242
1.56026
1.48541
0.900681
1.31888
1.08854
0.888727
1.40662
1.08424
1.56987
1.12076
1.13651
1.47219
0.998409
1.79388
1.43525
1.58504
1.52899
1.37037
1.37623
1.08944
1.45433
0.942359
1.58797
1.53949
1.28523
1.06233
1.33605
1.70812
1.71834
1.40964
1.19994
1.33616
1.04165
1.15725
1.53351
1.20419
1.0542
1.62936
1.2908
0.699347
1.39303
1.06186
1.35846
1.16158
1.43085
1.53766
1.31925
1.45458
1.06104
1.06323
1.34888
1.35667
1.42326
1.09075
1.1942
1.34519
1.13592
1.16144
1.43551
1.3263
0.970257
1.68528
1.40528
1.39868
1.55754
1.34958
1.28391
1.41147
1.00171
1.16111
1.00135
0.928525
1.62478
1.66085
1.73555
1.27204
0.947968
1.5296
1.28796
1.25217
1.25622
1.41572
0.974885
1.30637
1.54205
1.31728
1.54036
1.60228
1.00768
1.46473
1.22986
0.87249
1.12677
1.32398
1.09778
1.10762
1.45319
1.07454
1.17577
1.3926
1.18673
0.905805
1.37406
1.22288
1.24862
1.34117
1.54865
1.48733
1.01274
0.960337
1.31799
1.18588
1.18105
1.15411
0.976474
0.920868
1.19005
1.44337
0.765764
1.39966
1.17581
1.31875
1.49933
1.32965
0.976978
1.49305
1.27158
1.46358
1.22834
1.38416
1.30495
1.48792
1.20648
1.66081
1.32666
1.20072
0.794716
1.51791
1.54733
0.868871
1.38197
1.27718
1.35605
1.42312
0.930443
1.56956
1.50303
0.840455
1.50915
1.21504
0.991642
1.493
1.15888
1.03548
0.949691
1.27752
0.998774
1.07053
0.627896
0.907592
1.09611
1.24825
0.871464
1.05356
1.23503
0.787633
1.12856
1.27996
0.880504
0.809787
1.13993
1.13534
1.43593
0.784455
1.39773
0.974882
1.82026
1.43601
1.22691
1.02267
1.61474
1.46034
1.65201
1.26485
1.32492
1.21164
1.38887
1.34553
1.18724
1.46272
1.23098
1.49061
1.20815
1.04474
1.24487
1.16003
1.18393
1.66585
1.19417
1.01765
1.26806
1.40523
1.12404
1.21452
1.53689
1.29485
1.5553
0.981352
1.01737
1.27507
1.06711
0.911987
1.2019
1.5072
1.43966
1.22464
1.2225
1.19439
1.23511
1.18755
1.45094
1.24489
1.0403
1.17448
0.750126
1.37841
0.805684
1.27588
0.947393
1.57506
1.14024
1.02167
1.2249
1.03156
1.41418
1.42027
0.934764
1.11463
1.19639
1.25059
1.39163
0.548882
1.25411
1.37249
1.4313
1.4737
1.27208
1.15803
1.43305
0.54028
0.623279
0.986076
1.16862
1.19105
1.12015
1.13883
1.62412
1.05576
1.60884
1.39335
1.27461
0.928031
1.33901
1.33319
1.4563
1.11515
0.856554
0.915645
1.52315
1.12067
1.40305
1.56122
0.832057
1.03516
1.71697
1.11206
1.79894
0.754932
1.80432
1.03475
1.05815
1.53921
1.41274
1.32321
1.34919
1.34486
1.16101
1.44074
1.25887
1.59511
1.75711
0.963452
1.56303
0.567338
1.22519
1.16736
1.26939
1.2574
1.23682
1.3985
1.43042
1.31126
1.60622
1.1542
1.33484
1.23686
0.827053
1.1422
1.4497
1.19454
1.34175
1.30508
1.16917
1.52619
1.61266
1.24325
1.01496
1.22027
0.708631
0.702931
1.13632
0.943281
0.896236
1.29169
1.43121
1.29103
0.834098
1.47318
1.51693
1.42352
1.11409
1.37802
1.07561
0.999382
1.43886
1.73352
1.3437
1.3147
1.24378
1.71655
1.67863
0.793167
1.41269
1.40338
1.31575
0.935524
1.25346
1.44835
0.99126
0.843911
1.40153
1.88133
1.19175
1.43135
1.19931
1.20883
1.4729
1.10767
0.708246
1.38058
1.82946
0.69059
0.877818
0.972938
1.60678
1.80015
1.05424
1.4321
1.18808
1.56565
1.34245
1.84247
1.53104
1.08473
1.41422
1.13843
1.87422
1.46845
1.21713
1.24183
0.961369
1.75593
1.50906
1.36631
0.961092
0.711045
1.28522
1.61079
1.47075
1.43634
1.18375
1.5666
1.59926
0.929247
1.18211
1.28201
1.06777
1.62792
0.866886
0.839124
1.39911
1.31075
0.943076
1.22163
1.14176
1.26441
1.55528
1.30108
1.6406
1.45566
1.08706
1.01478
1.26795
1.06484
1.23174
0.986289
0.736972
1.18209
0.855596
1.61298
1.00312
0.822709
1.14434
1.43352
1.05849
0.987866
1.70393
1.10101
1.22296
1.083
0.835761
1.40141
1.46646
1.26478
1.07038
1.27113
1.53506
1.16259
1.5586
0.94658
0.998261
1.50794
1.37541
1.42015
1.16058
1.14729
1.56246
1.52335
1.43699
1.32751
0.982544
0.914806
1.65356
1.35524
1.78246
1.28718
1.29575
0.875389
1.3718
1.14494
1.07574
1.41789
1.35158
0.925458
1.1577
0.981123
1.19035
1.39829
0.987853
1.19103
1.42229
1.74223
1.16773
1.4356
1.11901
1.43491
1.1895
1.57274
1.28401
1.10455
0.979173
1.20316
1.47835
0.992426
0.821729
1.31263
0.797074
0.93628
1.52558
1.36527
1.0948
1.13089
1.58539
1.13626
1.3725
1.19908
1.23247
0.983936
1.29254
0.76468
1.54494
1.25142
1.10124
0.738145
1.30878
1.31309
1.57093
1.49046
1.12873
1.1739
1.49226
0.992052
1.49276
1.24063
1.35578
1.24
1.15744
0.845241
1.02281
1.5042
0.683249
1.0649
1.26159
1.34301
1.30088
1.09575
1.37961
1.47974
0.886251
1.0571
0.72479
1.28588
1.25866
1.47457
1.27334
1.6487
1.75527
1.75143
1.31609
1.06879
0.958161
1.01821
1.21484
1.45323
1.26391
1.32913
1.7817
1.49227
1.45383
1.49478
0.80708
1.35806
1.3587
1.18846
1.32247
1.05018
0.964995
1.03473
1.19608
1.48425
1.17631
1.65472
1.5893
1.07858
1.2169
1.44057
0.897508
1.47497
1.33939
1.55184
1.1179
1.32987
0.877721
1.18514
1.30618
1.50904
1.39433
1.58685
1.2837
1.36817
1.20583
1.29593
1.02907
1.29689
1.24861
1.1322
1.25417
1.34383
1.34808
1.23697
0.913257
1.30643
0.994281
1.61439
1.19499
1.21328
1.34601
1.6842
1.08856
1.40931
1.48753
0.928964
1.81012
1.10762
1.23473
1.30128
1.28947
1.53259
1.21026
1.19652
1.41243
1.64373
1.30154
0.760646
1.32534
1.49949
1.09374
1.12743
1.01774
1.13199
1.20767
0.762779
1.07302
1.61942
1.39667
1.12698
1.20925
0.933677
1.44722
0.912195
1.43173
1.13347
1.57258
1.8307
1.52779
1.62088
0.968777
1.16276
1.60445
1.16822
1.41722
1.29952
1.40363
1.3032
1.46009
1.14534
0.953076
0.775614
1.11153
1.57671
1.19523
1.62379
1.41042
1.63255
1.42304
0.939553
1.4736
1.39024
1.21988
0.953699
1.1183
1.2409
1.2366
1.04553
1.78891
1.53584
0.735209
0.92382
1.97583
1.30572
1.34203
1.04049
1.66631
1.21653
1.46876
1.51301
1.41568
1.40425
1.13562
0.744455
0.955641
1.50312
0.912739
1.44064
1.41158
1.05393
1.52309
1.61915
1.45375
1.47159
1.55483
1.0123
1.59978
1.30049
0.776407
1.06494
1.90719
1.58959
0.91942
1.47373
1.23216
1.3311
1.32879
1.0044
1.50861
1.0225
0.987342
1.37256
1.77311
1.12682
1.44395
0.937825
1.05061
1.26835
1.17859
1.05319
0.986718
1.76378
1.22714
1.62377
1.2533
0.819267
1.48315
1.17199
1.25674
1.2364
1.2198
1.35855
1.3947
1.40321
1.39788
1.3163
1.48642
1.4047
1.02889
1.56935
1.40191
1.15157
1.4281
1.25875
1.0762
0.989113
1.512
0.680374
1.15124
1.13957
0.921682
1.46925
1.221
1.56687
1.05023
1.11195
1.4294
0.865405
1.13067
1.1927
1.71679
1.18323
1.30039
1.42002
1.34534
1.21514
1.34596
1.67085
1.18902
1.30323
1.35321
1.10476
0.936946
1.05086
0.978182
0.958299
1.12032
1.50254
1.47094
1.28001
1.18083
1.28367
1.09543
1.71552
1.40111
1.11664
1.22354
1.62009
1.75457
1.16268
1.48174
1.30477
1.29747
1.10608
1.52037
1.02201
0.932856
1.46898
1.42965
1.05609
1.37606
1.19747
0.99269
1.26013
0.933121
1.64961
1.4129
0.86042
0.669978
0.995039
1.14078
1.64624
1.47771
1.19405
0.896966
1.25096
1.49061
1.4464
1.33799
0.951196
1.23987
1.22355
1.36011
0.903756
1.46242
1.10304
0.837567
0.993547
1.19712
1.44125
1.25937
1.47545
1.21411
1.53215
1.4877
1.51117
1.32116
1.09897
1.86722
1.04558
1.12519
1.0209
1.53797
1.0231
1.25106
1.0647
1.13133
1.91239
1.21252
1.29176
1.22239
1.00876
1.30356
1.23625
1.07737
0.958102
1.09934
1.32497
1.0527
1.19041
1.32237
0.90291
0.819109
1.02397
1.32496
1.24505
0.876624
1.00155
1.63993
1.23849
1.63098
1.40601
1.00089
0.729166
1.19135
1.36376
1.08235
1.54134
1.40343
1.16777
1.38243
1.37259
1.15517
1.34334
1.01007
0.884975
1.21812
1.30964
1.27271
0.937758
0.563427
1.12783
1.48444
1.42831
0.894396
1.42301
1.26339
1.54294
1.77242
1.67179
1.08733
1.28174
1.57171
1.07324
1.1344
1.52298
1.45917
1.89761
1.43144
1.34801
1.0837
1.53774
1.58432
1.17994
1.60458
1.59813
1.44196
1.33025
0.756174
1.637
1.22723
1.61624
1.1292
1.30334
1.50889
1.57662
0.859701
1.26997
1.13851
1.2974
1.22796
1.44995
1.47527
1.39683
1.4699
1.6194
1.1134
0.980237
1.77798
0.964499
1.03763
1.33385
1.47866
1.16625
1.41292
1.46359
1.29506
1.26459
1.46935
1.27584
1.59421
0.969965
1.89575
1.22395
1.40373
1.11968
1.1823
1.10193
1.39045
1.01792
1.16165
1.21639
1.64176
1.03892
1.41931
1.42254
1.06225
1.32162
1.19067
1.08113
1.228
0.851889
1.00523
1.15123
1.7751
1.24904
1.27807
1.14662
1.16017
1.08373
1.65839
1.39153
1.13197
1.48154
1.62941
1.29661
1.22142
0.934464
1.02724
1.12132
0.987551
1.1971
1.26691
1.41763
1.49236
1.15835
1.95321
1.33778
1.45492
0.950587
1.47136
1.10137
1.1823
1.68748
1.63717
1.21421
1.20475
1.50215
1.4999
1.53715
1.31488
1.12419
1.16666
1.41118
1.11659
0.963225
1.07828
1.54408
1.74698
1.61293
0.825151
1.30717
1.24972
1.34284
1.48897
0.755371
1.10637
1.28025
1.43306
1.25654
1.22218
1.2689
1.37409
1.14787
1.36253
1.09812
1.50167
1.11981
0.959662
1.3429
1.329
1.01926
1.47441
0.913535
1.64117
1.00767
1.39723
1.0099
1.18464
1.47224
1.2805
1.45272
0.966491
0.918203
0.956537
1.22548
1.24227
1.11905
1.55419
1.52728
1.14998
0.862407
1.0142
0.938826
1.34543
1.67033
1.08979
1.21337
1.07161
1.27537
1.66028
1.3972
1.17831
1.43454
0.524896
1.35172
1.10641
1.45338
1.36395
1.14949
1.45355
1.6882
1.46722
1.73939
1.8043
1.31667
1.17708
1.65912
1.52066
1.43177
1.1872
1.33448
0.960584
1.2715
1.74342
1.01536
1.71024
1.16077
1.34785
1.3344
0.897115
1.77961
1.45439
1.19186
1.04453
1.00091
1.28169
1.17219
0.657231
0.843574
1.19179
1.19083
1.04071
1.46139
1.32388
1.09465
1.3357
1.04487
1.66306
1.52331
0.867117
1.25233
0.564577
1.29614
1.17091
1.15949
1.2805
1.14971
0.997778
1.05666
1.39499
1.45581
1.08994
1.0692
1.40643
1.45963
1.31227
0.724128
2.04272
1.35441
1.29578
1.30941
1.22531
1.16643
1.46457
1.26666
1.31459
1.08214
1.41633
1.08914
1.91163
1.25425
1.19681
0.645736
1.18123
1.39623
1.54155
0.935732
1.08964
1.41532
1.33169
1.41594
1.44809
1.55825
1.71056
1.02993
1.3577
1.46953
1.49199
0.697362
1.22382
1.5323
0.974561
0.881551
1.38525
1.22831
1.25563
0.896471
1.16143
0.759579
1.24453
1.95517
1.14592
1.65967
1.28797
1.36297
0.943538
1.27202
0.846222
1.59593
0.957333
1.22772
1.26475
1.4785
1.7002
1.46274
1.1533
1.12725
0.961088
1.59972
1.50715
1.24118
1.06693
1.35215
1.37079
0.712365
0.870756
1.84881
1.21024
0.703263
1.15531
0.611073
1.20897
1.2159
1.18294
1.28847
1.39033
1.22271
1.64826
1.30297
1.65776
0.670941
1.42781
1.45678
1.3638
1.32442
1.33753
1.30293
1.22667
1.39825
1.18943
1.15214
1.15771
1.15385
1.38641
1.44615
1.26777
1.17294
1.42105
1.36381
1.13751
1.01536
1.13605
1.22081
1.20812
0.833767
1.25222
1.37546
0.673018
1.10238
1.59458
1.04565
1.50267
1.08586
1.56587
1.23034
0.824608
1.12553
1.10674
1.62381
1.21312
1.15379
1.19691
1.45243
1.50875
1.87995
1.08684
1.26522
1.56849
1.29093
1.10891
1.38917
1.40894
1.13946
1.24498
1.27273
0.932828
1.15848
1.32791
1.10968
1.48926
1.19804
1.16496
1.51298
0.959768
1.01028
1.46306
1.27506
1.11418
1.21094
1.03387
1.01949
1.39566
0.96743
1.02587
1.03319
0.866735
1.22512
1.26849
0.948523
1.19931
1.33834
1.17412
1.49241
2.06779
1.80041
1.35875
1.6182
1.16153
1.20844
0.977063
1.4105
1.2231
1.45471
0.816652
1.36938
1.16185
1.75156
1.32774
1.2322
1.34333
1.20521
1.264
1.2955
1.30076
1.18113
1.02629
1.16286
0.9818
1.13249
1.34619
1.3951
1.467
0.829907
1.10757
1.07972
1.52297
0.913559
1.57311
1.14667
1.54658
0.926395
1.36512
1.51368
0.924722
1.14813
1.06782
1.35818
0.930236
0.884855
1.1605
1.25501
1.91111
1.38582
1.25543
1.52019
1.27583
1.32914
1.31978
0.846658
1.15849
0.993301
1.26214
0.929851
1.17699
1.29678
1.82503
1.30188
1.02368
1.33106
1.66028
1.48604
1.59217
1.07811
1.6002
1.43206
1.37644
1.33351
1.20268
1.26457
1.40966
1.52986
1.16478
1.11901
1.34945
0.964883
1.11894
1.39173
1.24285
1.24398
1.20594
1.20149
1.09064
1.38161
1.54335
1.29506
1.53784
1.30195
1.22894
1.19176
0.898402
1.36406
1.13259
1.20019
1.53905
1.02189
1.05821
1.00896
0.777412
1.24347
1.71374
1.65005
1.93899
1.24281
1.12039
1.43259
1.48601
1.50753
1.27633
1.67089
1.38849
1.04316
1.30527
1.10965
1.08231
1.48806
1.27691
1.35556
1.20438
1.30158
1.40511
1.10882
1.27465
1.17021
1.41768
0.768658
1.48564
1.37462
1.07878
1.40582
0.908077
1.33768
1.52306
1.62199
1.51989
0.943342
0.735939
0.809333
1.82386
1.54895
1.5882
1.16978
1.48465
1.40474
1.08208
1.33959
1.08135
1.56642
1.56203
1.51867
1.10164
1.48384
1.67443
1.26403
1.33688
1.35282
1.09209
1.08674
0.791367
1.29597
0.78138
1.50745
1.52209
1.04826
1.01141
1.27756
1.15748
1.10618
1.32383
0.777858
0.712743
1.49875
1.34004
1.78974
0.727524
1.43898
0.868896
1.3909
1.33589
1.16527
1.05887
1.13952
1.15505
0.973372
1.25447
1.30077
1.40947
1.01526
1.22858
1.4298
1.25075
1.03572
1.0925
1.35646
1.53029
1.28017
1.00063
0.813003
1.03434
1.72269
1.09959
1.11312
1.67666
1.74826
1.35984
1.21326
0.909164
1.38311
1.45269
1.63627
1.30322
0.795712
1.29833
1.39686
1.03432
1.61702
1.30492
1.70584
1.49797
1.22877
1.32743
1.58207
1.53624
1.55668
1.74648
1.25289
1.04209
1.65131
0.898866
1.47068
1.02879
1.4626
1.35631
0.961032
1.43473
1.77095
1.08067
1.1963
1.54604
1.6528
1.09203
1.30921
1.26264
1.27208
1.55942
1.5361
0.844026
0.960774
1.14716
1.64175
1.35086
1.06239
1.24461
1.27267
1.67465
1.55864
1.22261
1.3135
1.25017
1.83903
1.5205
1.29918
1.57064
1.17961
1.27381
1.71572
1.357
1.31716
1.35614
1.30007
1.17635
1.03762
1.24594
1.24182
1.45838
1.43452
1.70485
1.15651
1.46128
1.63475
1.22521
1.79528
1.41127
1.71913
1.20511
1.4177
1.18102
1.15282
1.2606
1.32387
1.25312
1.61186
1.37175
1.53706
1.46422
1.66252
1.53199
1.21995
1.46048
0.798769
1.06595
1.42909
1.61386
1.10875
1.35368
1.34979
1.62071
0.961401
1.23518
1.13246
1.43533
1.22309
1.03579
1.53072
1.21125
1.2108
1.35785
1.42867
1.36812
1.20245
0.916281
1.46094
0.995507
1.17053
1.08697
1.40264
0.879142
1.16055
1.02176
1.31631
1.41974
1.50946
1.31714
1.25969
1.15902
1.48645
1.49176
1.61064
1.13619
1.29594
1.12739
1.51762
1.27043
0.981563
1.15285
0.858501
1.3869
1.45022
1.01346
1.34308
0.768396
1.39067
1.23674
1.32465
1.36612
1.29719
1.13697
1.2396
1.40628
1.27739
1.42747
1.58284
1.07672
1.34885
1.40675
1.09317
0.845277
1.30243
1.54631
1.39676
1.48248
1.15512
1.53866
1.26587
1.38724
1.52156
1.06011
1.21167
1.31772
1.12244
1.31595
1.50551
0.895677
1.06101
1.19545
1.50615
1.7132
1.09825
1.46406
0.987813
1.27055
1.45217
0.97161
1.38395
1.14993
1.42256
0.892231
1.37261
1.7605
1.56082
1.40078
1.36481
0.961398
1.42979
1.3635
1.13552
1.35933
1.16803
1.10138
1.38326
1.58489
1.31915
1.13339
1.02121
0.675353
1.2668
1.26497
1.25926
1.15722
1.2133
1.39585
1.0228
1.51993
1.55805
0.784164
1.10569
1.06028
1.67353
1.17982
1.26514
1.01356
1.46974
1.20757
1.54997
1.05315
1.13713
1.40925
1.55482
1.47472
1.39154
1.10972
1.32036
1.5463
1.33348
1.4241
1.47825
1.49963
0.95167
1.64939
1.15891
1.24955
1.56479
0.89698
1.63135
1.47602
1.21375
1.02515
1.39994
1.35078
1.4782
1.35129
1.77902
1.2294
1.55697
0.981792
1.20233
1.21349
1.06945
1.20341
1.19329
1.40891
1.52284
1.71585
1.6384
1.32091
1.45784
1.465
1.2271
1.27905
1.48129
0.761573
1.44325
1.06576
1.36315
1.65475
1.25603
0.850486
1.46056
1.19955
1.20278
1.43496
0.719836
0.953213
0.698253
1.56186
1.13966
1.08649
1.46831
1.09096
1.08409
1.30837
1.1193
1.40847
1.24333
1.06068
1.36086
1.47429
1.63427
1.26455
0.868999
0.848703
1.32063
1.6495
1.2573
1.86466
1.13037
1.33942
1.58251
1.73743
1.12388
1.33165
1.18521
1.39392
1.48548
1.12948
1.26538
1.54415
1.48859
1.19167
1.22901
1.24638
1.43424
1.59637
1.22911
0.989024
1.36649
1.32617
1.40618
1.12934
1.1137
0.968596
1.35558
1.49055
1.27419
1.34907
1.57536
1.72608
1.31006
1.25502
1.5488
1.36712
0.720333
1.29359
1.35385
0.858357
1.21233
1.64015
1.47433
1.05498
1.61043
1.19014
1.12832
1.35228
1.30812
1.50418
1.21463
1.20773
1.1963
0.718238
0.840683
1.90796
1.15564
1.37374
1.37792
0.873542
0.807629
0.972764
0.778485
0.943552
1.55017
1.43599
1.32022
1.25511
1.55403
1.1753
1.44046
1.23924
1.10687
0.831606
1.06877
1.75642
1.38448
1.91858
1.32388
1.63148
1.2323
1.10986
1.50655
1.56449
1.15602
1.34367
1.75535
1.46935
1.67032
1.62441
1.47684
1.53267
1.626
1.14809
0.689643
1.28617
1.47837
1.16602
1.01023
1.35541
1.11937
1.34305
1.42763
1.07711
1.39775
1.31669
1.41382
1.66721
1.20051
1.6461
1.71793
1.41948
1.46587
1.5084
1.31873
1.77801
1.05418
1.2996
1.30896
1.49449
1.21447
0.986161
1.08702
1.49973
0.905117
1.85572
1.49161
1.30765
1.47564
1.39849
1.40167
1.29267
1.07244
1.29593
1.42981
1.35732
1.52576
1.70392
0.984881
1.59184
0.920087
1.49728
1.53084
1.07567
0.709067
1.2578
1.16321
1.72561
1.29368
1.43618
0.817489
1.30622
1.52736
1.30671
0.713627
1.03484
1.38859
1.08576
1.07691
1.10606
1.27007
1.20964
1.53514
1.16527
1.27535
1.22638
1.28412
1.38749
1.19637
1.39624
1.2621
1.15833
1.14649
1.22408
1.25854
1.06273
1.06905
1.29454
1.1475
1.22401
0.582353
1.42573
1.01521
1.47569
1.56801
1.19017
0.828491
1.4345
1.17432
1.1988
1.39232
1.44236
1.48637
0.885995
1.65471
1.46098
0.969229
1.06867
0.921069
1.20769
1.60982
1.08004
1.23175
1.18822
1.37768
1.34713
1.68019
1.56739
0.954301
1.53591
1.51217
1.38745
1.25609
1.55337
1.46636
1.09611
1.19279
1.34798
1.32178
1.12554
1.2203
1.41163
1.09371
1.1192
1.10879
0.954038
1.13335
1.06159
1.33265
1.31435
0.955614
1.46571
1.36661
1.56031
1.00963
0.78296
0.970486
1.15557
1.47165
0.940515
1.18713
1.30788
1.21674
1.0979
1.36398
1.3888
1.65014
1.58982
1.44709
1.13201
1.4109
1.14746
1.21964
1.47222
1.11528
1.16209
1.44763
1.55213
1.10512
1.12459
1.77394
1.33441
0.885099
1.26967
1.31776
1.43987
1.1389
1.30965
1.05736
1.16059
1.46764
1.83019
1.15022
1.16166
1.31407
0.876197
0.912243
1.58713
1.39494
0.793013
1.52118
1.57414
1.8743
1.33036
1.37502
1.21958
0.994126
1.324
0.755208
1.56204
1.15884
1.49185
1.41388
1.3426
1.37896
0.990352
1.1691
1.38549
1.19939
0.7932
1.13735
1.09565
1.56277
1.39955
1.0215
1.3899
0.900555
1.27391
1.2331
0.964266
1.28686
1.38218
1.17518
1.45646
1.53062
1.50907
0.804369
1.90763
1.22379
1.39643
1.36812
1.46736
1.30214
1.20812
1.65716
1.15651
1.14324
1.5182
1.78195
1.60124
1.14898
1.25995
0.921073
1.36078
1.16807
1.32631
1.12767
1.34963
1.70704
1.38056
0.945866
1.3223
0.882264
1.57813
1.18817
1.01452
1.33214
1.484
0.918084
1.4856
1.17972
1.37041
1.3834
1.28413
1.69169
1.36073
1.55118
1.46847
1.33734
1.17388
1.60028
1.14754
1.07565
1.43302
1.40964
1.52049
1.55039
1.18748
1.58734
1.40839
0.972696
1.34552
0.94277
1.07977
0.730467
1.23326
1.73207
1.24014
0.737687
1.23102
1.6079
1.24289
0.924137
0.995265
1.16492
1.37794
1.8229
1.09866
1.32725
1.26545
1.31466
0.713359
1.1278
1.13586
1.56754
1.72637
0.976389
1.42337
1.25855
1.26234
1.3116
0.847419
1.03009
1.0791
1.16349
1.88751
0.506473
1.128
1.28322
0.831107
1.26832
1.10654
1.00904
1.05189
1.23718
1.29136
1.67799
1.29116
1.00823
1.28664
1.51926
1.07503
1.15132
1.25673
1.43962
1.22493
1.17629
1.45174
1.55066
1.16482
1.04601
1.33914
1.63786
1.47736
1.45501
1.28772
1.32525
1.17278
1.42717
1.43944
1.77214
1.49998
1.36451
1.35898
1.3284
1.13518
1.04022
1.47245
1.10835
1.03745
1.7204
1.04748
1.38751
0.871438
1.26671
1.51291
1.78597
1.36975
1.24192
1.30936
0.74521
0.789517
1.25146
1.52009
0.922609
1.11277
1.2729
1.26277
1.67993
1.34804
1.50673
1.57284
1.01399
1.20396
1.0446
0.894267
1.09597
1.60586
1.61804
1.19853
0.894449
1.44405
0.943502
1.59479
1.23461
1.05474
1.33235
1.47282
1.17255
1.2337
1.02974
0.880347
1.72796
1.26702
1.44516
1.23556
1.36809
1.4139
1.4489
1.55357
1.09056
1.65943
1.07476
1.35749
1.25747
1.54672
1.44136
0.984493
1.69732
1.41854
1.19825
1.32543
0.906347
1.2804
1.13415
1.42446
1.12261
1.73715
1.066
1.42375
1.40963
1.29932
1.18457
1.40096
1.34735
1.23776
1.32856
1.3355
1.28745
0.787469
1.03843
1.18649
0.918766
1.39866
0.745206
1.12447
1.03653
1.34286
1.80304
0.921699
0.819622
1.40942
1.07584
1.09328
1.55927
1.33779
1.06456
1.17997
1.08626
1.12623
1.29323
1.10744
0.983578
1.05734
1.13455
1.46482
1.3052
1.17074
1.36938
0.933918
1.29522
1.24488
1.41982
1.51947
1.24625
1.47743
1.30426
1.34705
1.18303
1.38677
1.54129
1.16989
1.50172
1.51453
1.36209
0.829609
1.1713
1.32047
1.47395
0.868564
1.40343
1.10457
1.37362
0.950249
0.982758
1.30767
0.993087
1.42129
1.30763
1.75574
0.950885
1.06617
1.25096
1.00465
1.405
1.331
1.08283
1.66733
1.25019
1.32941
1.46656
1.45086
1.3469
0.656023
1.10519
1.37256
1.70694
1.26438
1.2875
1.11528
1.16086
1.62685
1.44931
0.986103
1.48678
1.31833
1.77002
1.58469
0.981767
1.26705
1.37946
1.11225
1.26349
1.29995
1.1503
1.2704
0.872126
1.34058
0.93278
1.03536
1.04666
1.03836
0.516771
1.25564
2.03368
1.41805
1.15868
1.35935
1.36543
1.1228
1.38484
1.65593
1.09436
1.41136
1.44632
1.44171
1.23192
1.43997
0.993158
1.26751
1.17555
1.22643
0.761323
1.05984
1.24724
1.03031
0.96728
0.848735
1.25291
1.17489
1.19366
1.23711
1.08189
1.37943
1.39034
1.48718
1.26691
1.15614
1.42788
1.23688
1.43827
0.840208
1.26387
0.700468
0.920827
1.10813
1.44492
1.28375
1.56926
1.1777
1.26427
1.15313
1.69395
1.63407
0.85994
1.42196
1.14995
1.48809
1.3257
0.834582
0.878999
1.42801
1.25849
1.25502
1.14382
1.34167
0.939893
1.26295
1.20632
1.27699
1.14091
1.14772
1.22583
1.31056
0.935596
1.36657
1.05055
0.975033
1.04997
1.22414
1.24576
1.2136
1.55026
1.4139
1.51434
1.00669
1.47974
1.25416
1.06078
1.02115
1.35197
1.60033
1.37006
1.41198
1.4515
1.25962
1.21242
1.20996
1.27242
1.41237
1.67634
1.58166
1.46148
1.31762
1.03698
1.09315
1.35208
1.15819
1.19995
1.45028
1.35773
1.19539
1.01248
1.10863
1.24195
1.22073
1.33033
1.51264
1.37669
1.82866
1.6062
1.29217
1.1036
1.12422
1.07954
1.12337
1.64676
1.20209
1.45051
1.56571
1.67596
1.30296
1.24497
1.71666
1.09527
1.09247
1.18545
1.3017
1.18323
1.71929
1.08262
1.51036
1.58749
1.3119
1.57999
1.1553
1.35145
1.33254
1.38327
1.13032
1.05787
1.59917
1.49765
1.04663
1.38758
1.41512
1.6759
1.3437
1.66552
1.35598
1.60028
1.70414
0.659518
1.31613
1.94333
0.751669
1.46269
1.30641
0.974105
1.34266
0.976428
1.36265
1.26747
1.05842
1.32944
1.51632
1.2512
1.58535
1.29658
1.48738
0.775396
1.07868
1.47901
0.77748
1.48276
0.827521
1.31602
0.976979
1.1188
1.17967
1.03702
1.60116
0.852684
1.39071
0.951637
0.98659
1.49315
1.44997
1.10529
1.08431
1.35522
1.11643
1.4757
0.781646
1.54134
1.40283
1.06998
1.22833
1.05218
1.51861
0.925111
1.04731
1.44154
1.00198
0.817025
0.665097
1.71729
1.48627
1.40291
1.17798
1.05069
1.09357
1.06432
1.07062
1.47677
0.924979
1.20243
0.886294
1.30606
1.21292
1.67124
1.11893
1.10666
1.30469
1.30592
1.35097
1.29148
0.9771
1.40666
1.15706
1.13735
1.48289
1.08407
1.34876
1.34704
1.43619
1.42955
1.21615
1.24697
1.61523
1.53992
1.39622
1.36299
0.904532
1.48773
1.07587
1.10807
1.22819
1.34304
1.57901
1.69713
1.34016
1.39157
1.36757
0.887131
0.969104
1.73774
1.14073
0.863684
1.6081
1.36125
1.35178
1.31727
1.32071
1.34216
1.22523
1.29021
1.5914
1.0828
1.18812
1.18441
0.707908
1.09115
1.1066
0.765591
0.888356
1.09282
1.24308
0.974093
0.984706
1.40347
1.05307
1.37724
1.12211
1.34641
1.35112
1.48395
1.69839
1.2394
1.08787
1.17859
1.27391
1.31065
1.31825
1.37505
1.04882
1.27993
1.67647
1.4548
1.09437
1.6292
1.55007
1.49484
0.87506
1.5254
1.37737
1.16482
1.35698
1.3935
1.58055
1.37224
1.42
1.56971
1.32409
1.344
0.619107
1.56767
1.28014
1.11399
1.16573
1.62377
1.00277
1.38126
1.36635
1.57733
1.02412
1.5297
1.35232
1.33916
1.2544
1.14716
1.07841
0.963839
1.46112
0.946235
1.83281
0.990374
1.33447
1.17005
1.04005
1.18903
1.59578
1.3193
1.20171
1.04893
1.50731
1.85501
1.16433
1.06577
1.43855
1.43134
1.4979
1.43154
0.747189
1.58501
0.70139
1.17593
1.35389
1.33158
1.19028
1.36058
0.974793
1.44869
1.29508
1.1328
1.1975
1.58174
1.53026
1.77233
1.09204
1.21945
0.797694
1.4855
1.36622
1.21973
1.36991
1.15183
1.04463
0.970663
1.64925
1.08818
1.2596
1.56016
1.25586
0.773031
1.24783
1.05137
0.69114
1.12069
1.12018
0.726775
0.970769
1.30207
1.10289
1.21214
1.19985
0.985417
0.792286
1.2084
1.38455
1.27513
1.25323
1.84153
1.28186
1.45792
1.10488
1.23409
1.14294
0.716603
1.05854
1.20995
1.29303
0.950583
0.902531
1.18237
1.17702
0.975509
1.00279
1.03104
1.3276
1.23591
1.1644
1.4108
1.27173
1.62544
1.21355
1.35883
1.76423
1.0731
0.897773
0.986624
1.45231
1.32045
1.19654
0.671246
1.41194
1.49897
1.49208
1.17856
1.4238
1.62423
1.06429
1.12317
1.50232
1.37385
1.2826
0.852826
1.14751
1.17648
1.31665
1.66789
1.51509
1.54344
1.06776
1.12873
1.09892
1.13803
0.853058
1.09869
1.63361
1.51148
1.18553
1.22633
1.04901
0.895046
1.11527
1.39785
1.54488
1.31209
1.26538
1.17266
0.759614
1.337
1.84298
1.40383
1.50373
1.18642
1.2926
1.53054
1.60234
1.56504
1.03835
1.57076
1.09579
1.13459
1.20381
1.10744
1.1062
1.26864
1.33579
0.783806
1.10849
1.31848
1.28853
0.960942
1.17315
0.979985
0.989462
1.45819
1.1461
1.33209
1.20704
1.45525
1.1966
1.32079
1.07315
1.25028
1.5973
1.45471
1.72556
1.07507
0.927604
1.33252
1.42112
1.69588
1.35881
1.12442
1.43383
0.781295
1.17945
1.19471
1.20503
1.10457
1.05758
1.26762
1.3236
1.25577
0.938291
1.61271
1.56016
1.37683
1.19806
1.10578
1.51268
1.2674
1.36075
0.970554
1.31829
1.00775
0.896866
1.164
1.1977
1.52354
1.35247
1.35685
1.11426
1.678
0.882903
0.912852
1.5202
1.30837
1.00711
1.49449
1.69889
1.11281
1.55464
1.56134
1.10721
1.55923
1.52888
1.21478
1.19068
1.77695
0.73796
1.09501
1.16637
1.60024
0.984325
1.40718
1.54388
1.15773
1.2615
1.30039
1.40172
1.27149
1.25822
1.20202
1.33261
0.946249
1.11367
1.44286
1.51394
1.03585
1.63909
1.04903
1.10645
1.52981
1.30203
1.26386
1.08151
1.03808
1.21661
1.3076
1.24058
1.48648
1.46647
1.10708
1.30445
1.4526
1.68386
1.44586
1.38345
1.29125
1.15273
1.06051
1.37587
0.709439
1.30263
1.33141
1.3824
0.967182
1.18227
1.40593
1.54214
1.31512
1.54536
1.11373
1.28774
1.17182
1.56021
1.52668
1.58658
1.47742
0.934327
1.43276
1.36461
1.64222
1.24072
1.27024
1.30692
1.46057
1.13489
1.20514
1.46371
1.28675
1.37788
0.970009
1.36352
1.37678
1.53757
1.45009
1.33163
1.33725
1.37433
1.04912
1.50572
1.38116
1.33171
1.13858
1.14918
1.72611
1.24597
1.19865
1.45155
1.16464
1.26466
0.826982
1.62852
0.748874
1.01299
0.991
1.44212
1.50253
1.62824
1.11737
1.26879
1.02781
1.3228
1.53601
1.2958
1.43627
1.13354
1.25186
0.857961
1.16348
1.15083
1.87356
1.39861
1.37801
1.45907
1.12087
1.29199
1.31106
1.34523
1.82767
1.04495
1.58197
1.26
1.54975
1.12867
1.65378
1.13091
1.58208
1.08552
1.08748
1.2924
1.03674
1.14991
1.3916
1.42939
1.06867
1.06441
1.03069
1.17438
1.35021
1.36455
1.30784
1.12024
1.50111
1.03902
1.66024
1.7214
1.56705
1.88508
1.29038
1.14812
1.44466
1.1188
1.33769
1.20678
1.4559
1.02578
1.0312
1.20277
1.35673
1.16757
1.70407
1.28261
1.56054
1.29751
0.950217
0.881594
1.35509
1.42022
1.32803
1.38616
0.84493
0.793255
1.39771
1.41438
1.17993
1.09828
1.23878
0.995221
1.53244
1.22539
1.13599
1.282
1.53289
0.943507
1.60824
1.57018
1.28455
1.02396
1.06838
1.73746
1.28149
1.37922
1.21845
1.25666
1.27863
1.02572
1.22406
1.14944
1.04095
1.60136
1.34163
1.22864
1.92464
0.865208
1.04762
0.984568
1.47991
1.61003
1.05246
1.05703
1.24096
1.3292
1.39432
1.56322
0.892847
1.29497
0.82027
1.25872
1.43476
1.28022
1.22448
1.08789
0.892349
1.00578
1.14799
1.12266
1.2178
1.74537
1.45207
1.33185
1.30772
1.06392
1.18086
1.51083
1.30958
1.18019
1.60341
0.783906
1.15082
1.12612
0.973107
1.30408
1.62405
1.64262
1.21233
0.91638
1.08402
1.14069
0.998359
0.970806
1.35195
1.05709
1.24467
1.45137
1.22388
1.14451
1.43949
1.13065
1.42739
1.21471
1.6918
1.1923
0.830517
1.20531
1.34675
1.16766
1.28674
1.38321
1.40406
1.57526
1.38668
1.43977
1.3777
0.757122
1.25961
1.48003
1.86939
1.0052
0.986755
1.21529
1.27128
1.10434
1.59625
1.1939
1.04487
1.45808
1.18815
1.23825
1.50308
1.5429
1.09655
1.59625
1.29418
1.0623
1.28594
1.32028
1.21907
1.31684
1.11954
1.69559
0.905649
1.23962
1.3141
1.15954
1.37772
1.30337
2.0358
1.03765
1.42476
1.24407
1.14667
1.57013
0.899486
1.10644
0.856966
1.68136
1.15149
1.3293
1.28601
1.45118
1.35949
1.36644
1.32026
1.10501
0.959556
1.11627
1.3539
0.931554
0.988756
1.46244
1.48005
1.31614
1.14027
1.07616
1.65756
1.09597
1.4696
1.26427
1.57019
1.23721
1.44586
1.49267
1.35969
1.13672
1.49415
1.21783
1.0698
1.56103
1.38827
1.21812
1.22277
1.56803
1.2655
1.75438
0.828765
1.24787
1.27431
1.36295
0.853096
1.15477
1.16166
1.96461
1.57461
0.879097
1.19287
1.44302
1.11009
1.38773
1.07519
1.38807
1.63916
1.27617
1.3676
1.37308
1.47627
1.45508
1.16463
0.821168
1.09158
1.70391
1.60823
1.54545
0.995659
1.50356
1.39094
1.53147
1.53963
1.26368
0.945337
1.25606
1.23245
1.18474
1.28977
1.02939
1.5767
0.95751
1.26172
1.38896
1.08608
1.27804
1.08079
1.42401
1.38378
0.918341
1.20348
1.37695
1.13883
1.15084
1.50295
1.96776
1.17966
1.58083
1.00089
1.4372
0.947501
1.2642
1.00793
1.15141
1.66502
0.897316
1.47625
1.62835
1.13873
1.11774
1.53703
1.14182
1.09428
0.979372
1.29759
1.49252
1.47149
1.45778
1.25575
1.36386
0.936035
1.70808
1.49028
1.16013
1.40419
1.09357
1.3111
1.58779
0.777859
1.3659
1.45699
1.4779
0.893541
1.05968
1.32475
1.34176
1.46701
1.4058
1.4499
1.3346
0.917435
1.75892
1.23086
0.972764
1.37047
0.98324
1.0377
1.11322
1.31893
1.41147
1.6084
1.66441
1.83619
1.10713
1.75512
1.18856
1.15109
1.41241
1.73416
1.32213
1.47193
1.71074
1.25148
1.43912
1.28733
1.10506
1.47665
1.48339
1.18591
1.21012
1.28155
1.03422
1.87784
1.04951
1.53489
0.635884
1.2423
0.904883
1.61644
0.913554
1.29947
1.80707
1.56423
1.27714
1.72131
0.975563
1.6931
1.31297
1.15907
1.20883
1.28905
1.56718
1.28188
1.23432
1.26243
1.22545
1.11024
1.02225
1.22071
1.31649
1.03485
1.34495
1.63164
1.15355
1.40441
1.20383
1.21711
1.44652
1.14406
1.29007
0.923351
1.23091
0.669863
1.08785
1.07487
1.69376
1.16935
1.58444
1.10263
1.72975
1.53359
1.18393
1.22841
1.26992
1.81741
1.06641
1.19111
0.920961
1.33195
1.22061
1.34123
1.67594
1.37839
1.37606
1.58472
1.1558
1.46459
1.36153
0.665746
1.41764
1.59723
1.602
1.38441
1.02081
1.22343
1.05493
1.32695
1.04617
1.44853
1.38132
1.54499
1.34331
1.44706
1.0286
1.09957
1.20675
1.42395
1.25619
0.940329
0.920648
1.39523
1.38424
1.38392
1.05701
1.48155
1.39028
1.28045
0.554226
1.20685
0.705925
1.24542
1.1179
1.90534
1.75622
1.31752
1.5147
1.43508
0.736154
1.13947
1.04647
1.27591
1.1212
1.09466
0.964353
1.62696
1.33167
1.22678
1.32644
1.26266
0.891733
1.09031
1.05905
0.939148
1.41915
1.06712
1.24872
1.49969
1.3966
1.1308
1.4006
0.913523
1.11157
1.10212
1.07235
1.1596
1.61514
1.1041
1.33898
1.15894
1.20866
1.58693
1.78367
1.17261
1.49358
0.949542
1.06895
1.0531
1.49271
1.60507
1.43271
1.1403
1.56644
1.461
1.1909
0.867558
1.58381
1.24603
1.31499
1.15876
1.03123
1.42613
1.2115
0.832506
0.933187
1.25414
1.36188
1.23676
1.31258
1.51144
1.0713
0.736943
1.50061
1.43355
1.25984
1.47084
1.00109
1.07949
1.126
1.00454
1.4686
1.01598
1.01478
0.965033
1.06075
1.37205
1.22641
1.47377
1.77496
0.849514
1.32252
1.28144
0.95647
0.893673
1.37179
1.19293
1.46544
0.991486
1.21881
1.26635
1.26881
1.41089
0.943345
1.7445
0.869477
1.6946
1.21241
0.744805
1.47946
1.16185
1.26933
1.20644
1.57836
1.27193
1.42653
1.09938
1.13904
1.46663
1.29581
1.25198
1.29838
1.17972
1.59206
1.29755
0.960068
1.5651
0.810111
0.991105
1.32734
1.47504
1.24934
1.48986
1.48036
0.881096
1.17174
1.34557
1.18115
0.892406
1.34333
1.45792
1.25254
1.19882
0.955182
1.04789
1.36603
1.42754
1.33963
1.44938
1.23519
0.741015
0.723231
1.30117
1.47767
1.32274
1.30736
1.48617
1.27169
1.00759
1.77212
1.54085
1.27758
1.36398
1.06155
1.52075
1.32735
1.35575
0.985467
1.36242
1.19497
1.02648
1.04189
1.47174
0.924422
1.3971
0.940588
1.27809
1.45813
1.38794
0.866362
1.17658
1.4524
1.3831
0.835252
1.66171
1.40929
1.79162
1.28571
0.788572
1.48301
0.805145
1.55326
1.38544
0.963986
1.28021
1.60644
1.09855
1.32072
1.15188
1.22027
0.98722
1.40928
1.26193
1.02258
1.11199
1.17011
1.31863
1.35044
1.42521
1.37357
1.44413
1.32053
1.41884
1.47588
0.894604
1.32001
1.1564
0.878841
1.31005
1.77487
0.929736
1.15147
1.81445
1.02528
1.71683
1.36605
1.12858
1.23791
1.05052
0.852107
1.37892
1.15343
0.894812
1.15267
1.17033
1.14622
1.501
1.01975
1.33042
1.19394
1.62499
1.18783
1.22349
1.82347
1.32612
1.39517
0.774877
1.14809
1.35859
1.01132
1.55633
1.37193
1.23023
1.36714
1.44096
1.21996
0.920847
1.19299
0.789524
0.862793
1.62137
1.14273
1.07605
1.07542
1.09616
1.55049
1.42995
1.30597
1.45067
0.751415
1.05693
1.30251
1.34132
1.16404
1.3817
1.14812
1.44865
0.987255
1.58671
0.818871
1.12154
1.45839
0.778039
1.05926
1.11342
1.32636
1.11063
1.14588
1.33733
1.31343
1.10867
1.09751
1.59152
0.98437
1.30546
1.56013
1.03531
1.3223
1.48893
1.28046
1.28385
1.28969
1.49564
1.28372
1.10964
1.24357
1.38322
1.23959
0.978806
1.17428
1.51575
1.11097
1.4256
1.65197
1.42935
1.3791
1.25895
1.52361
1.35856
1.23272
1.66827
1.64251
1.33163
0.994663
1.35023
1.24828
0.863491
0.964161
0.860648
1.09897
1.3372
1.2911
1.07665
1.27961
0.974283
1.60874
1.10723
1.1209
1.71765
1.15181
1.42773
0.967247
1.5727
1.34744
1.15933
1.11355
0.875795
1.07977
1.47238
0.948987
0.912897
1.30168
1.55233
1.2613
1.14281
1.45889
1.33717
1.75829
1.35816
1.34609
1.27738
1.08605
1.09034
0.967266
1.37508
0.862107
0.875129
1.10275
1.43359
1.32131
0.743659
1.33702
1.56975
1.45002
1.052
1.27507
1.36579
1.17819
1.42763
1.47785
1.36845
1.681
1.29745
1.17476
1.3688
1.24668
1.50883
1.45433
1.64394
1.07412
1.40068
1.55273
1.41588
1.37081
1.28035
1.37215
1.02134
1.14854
0.883314
1.41291
1.58618
1.42801
0.962375
1.25294
1.31913
1.09073
1.16433
0.882283
1.17024
1.07925
0.738461
1.46926
1.10256
1.25083
0.76186
1.03287
1.53138
1.16067
1.21328
1.73441
1.10557
1.10251
0.654888
1.11156
1.06427
1.37204
1.22935
1.08484
1.55434
1.13016
0.919258
1.46804
1.31292
0.921759
0.769601
1.10289
1.52399
0.761712
1.18073
1.34501
1.50014
1.60212
1.34321
0.85568
1.11024
1.32959
1.32119
1.31635
0.993213
1.51456
1.30185
1.47422
1.26295
1.27307
1.17973
1.20002
1.29997
1.41938
1.40071
1.34699
1.00823
1.15504
1.27353
1.27751
1.46998
1.56636
1.17483
0.977734
1.66505
1.38807
1.58516
1.01402
0.94477
0.958918
1.0948
1.60169
1.67724
1.1281
0.949728
0.791306
1.01999
1.32005
1.15021
1.47865
1.07681
1.4712
1.3713
1.2292
1.07562
1.19841
1.33264
1.0368
1.32614
1.35344
1.35191
1.30872
0.891406
0.9184
0.869777
1.06143
1.30887
1.33078
1.45959
0.924186
1.16536
1.22641
1.06906
1.40605
1.54362
1.63244
1.29342
0.788914
0.98467
1.71939
1.20294
1.85146
1.32098
1.28808
0.998569
1.8771
1.06511
1.57905
1.06938
1.18035
1.40213
1.23423
1.43831
1.29962
1.2914
1.10016
1.01232
1.16364
1.19199
1.07961
1.53273
1.41583
1.2856
1.45095
1.46913
1.53164
1.65368
1.17674
1.42032
1.04528
1.12942
1.00091
1.69986
1.11195
1.15817
1.46439
1.08161
1.16631
0.937825
1.22126
1.72019
1.2751
1.00058
1.05113
1.24417
1.34469
1.61151
1.4623
1.54268
1.57059
1.05682
0.821788
1.48964
1.16353
1.03655
1.22407
1.30676
1.25258
1.41196
1.62654
1.05446
0.785276
1.32271
1.86332
1.41979
1.43406
1.16732
0.779851
1.06551
1.43007
1.37807
1.34051
1.06809
1.45037
1.25918
1.51104
1.43373
0.985847
1.17454
1.52217
1.38455
1.64008
1.31278
1.36524
1.55678
1.23319
1.34757
1.3513
1.10704
1.44809
1.56645
1.29845
1.12663
1.10403
1.05071
1.42569
1.09023
1.3318
1.34112
1.30919
1.18849
0.950125
1.20006
0.976258
1.57469
1.21781
1.23472
0.982155
1.32749
1.24406
1.24434
0.709375
0.989279
1.02701
0.878386
1.50297
1.18598
1.38246
1.25832
1.31494
1.26516
1.46855
0.982105
0.903759
1.72288
1.1862
0.991042
1.25118
1.07165
1.02552
1.12804
1.04286
1.38847
1.25011
1.83651
1.77085
0.700301
1.3061
1.41874
0.807654
1.5353
1.80738
1.01608
1.13831
1.51884
1.33234
1.58086
1.15514
1.09599
1.08858
1.0006
1.30673
1.23361
1.24774
0.845944
1.02581
1.2945
1.41208
1.12786
1.52205
0.959273
1.28082
1.16294
1.32114
0.820122
1.48223
1.28236
1.00581
1.20358
1.75905
1.97044
1.31568
1.22498
1.66052
0.815567
1.63666
1.32906
0.988937
0.802263
1.57728
1.2523
1.24866
1.24048
1.16011
1.17094
1.20497
1.1408
1.38907
1.40233
1.61447
1.69189
1.0165
1.2222
1.27552
1.1781
0.977705
1.28859
1.35593
1.29182
1.06003
1.33401
1.33336
0.676334
1.48113
1.17052
1.95183
1.31502
1.3343
1.12008
1.28486
0.884124
1.39419
1.38164
1.24125
1.71942
1.67196
1.56746
1.3161
1.0675
1.57473
1.51159
1.547
1.1767
1.46962
1.22179
1.39795
1.63629
1.1872
1.13652
1.41303
0.793488
1.52263
1.54835
0.95863
1.03825
0.992397
1.11439
1.00612
1.2096
1.54638
1.59629
1.34967
1.39839
1.52902
0.895987
1.08251
1.70003
1.03411
1.53232
1.33343
1.21315
1.32925
0.845872
1.49377
1.17476
1.41542
1.06298
1.42706
1.11971
0.744527
1.28112
1.39314
0.636829
1.26146
1.31954
1.34478
1.90263
1.40041
0.687027
1.17606
1.51918
1.56775
1.08135
1.45787
1.26468
1.47875
1.37013
1.19812
1.49238
1.20708
1.4585
1.53119
1.14753
1.11108
1.51749
1.66257
0.849021
1.56224
1.27687
1.45177
1.10962
1.58954
1.37235
1.07377
0.804145
1.6879
1.09948
1.21164
1.49443
1.48722
1.17082
0.988863
1.44718
1.74372
1.34344
1.2625
1.16361
1.43509
0.927769
1.15262
1.30041
1.39373
1.72234
1.18379
1.45915
1.24383
1.37538
1.39524
0.904291
1.163
1.34453
1.08806
1.13419
1.21495
0.872843
1.50903
1.26701
1.42968
1.33939
1.4628
1.00194
1.16455
1.514
1.15189
1.61841
1.13513
1.22298
0.888941
1.23787
0.972838
1.77434
0.760955
1.23897
1.21134
1.26395
1.16261
0.735334
1.40014
1.08765
1.06079
1.17284
1.16618
1.20515
1.31989
1.04932
0.835683
1.89732
1.1345
1.27026
1.09582
1.07461
0.859952
1.41398
1.02627
0.718777
1.18145
1.03421
1.20049
1.53504
1.42987
0.877671
0.612309
1.3639
1.24632
1.3262
1.28292
1.24569
1.62587
1.11443
1.42695
1.21295
1.30531
1.6012
1.25526
1.51357
1.49726
1.27136
1.41249
1.63128
1.46911
1.5143
0.919545
1.0064
1.2874
1.44801
0.972952
0.976135
1.70167
1.54621
1.52278
1.55361
1.35098
1.19549
1.20781
1.0618
0.847162
1.34606
1.25259
1.57788
1.4949
1.57272
0.883879
1.50965
1.54271
1.47361
0.769426
1.09662
1.02092
1.1488
1.62049
1.2008
1.63268
1.18729
1.6955
1.41995
1.04765
1.56053
1.1757
1.51349
1.24538
1.51085
1.23335
1.18223
0.93777
1.25454
1.058
1.25293
1.45004
1.6274
1.0598
1.15799
1.1036
1.55114
1.35036
1.14065
0.787504
1.61064
0.963851
1.21767
1.40191
1.4095
1.39923
1.25711
1.20063
1.63063
1.44582
1.28309
1.26463
1.22997
1.58771
1.14085
1.35064
1.05926
1.79786
1.56976
1.29606
1.3231
0.895975
0.930436
0.96881
1.7381
1.47494
1.16376
0.901893
1.12177
1.4836
0.845372
1.45311
1.31982
1.19752
1.60504
1.34695
1.25714
1.49983
1.67545
0.888513
1.07792
1.20061
1.90039
1.44887
1.11245
1.04356
1.24736
1.43938
1.32191
1.01329
1.00536
1.26429
1.42194
1.25024
1.31666
1.18718
1.36858
1.25698
1.63625
1.39675
1.10012
1.30383
0.913949
1.46023
1.03897
1.23078
1.38815
1.4637
1.38407
1.06822
1.62668
1.34507
1.20232
1.52616
1.5605
1.27155
1.22816
1.0095
1.49842
1.11906
1.30699
1.11334
1.70979
1.29231
1.39152
1.00522
0.905049
1.40023
1.1435
0.959923
0.990346
1.31119
1.46664
1.26911
1.3128
1.53584
0.87572
1.26199
1.33829
1.43488
1.21709
1.07612
1.57234
0.727087
1.19432
0.932756
1.15061
0.856333
1.54364
1.46528
1.47522
1.37771
0.990326
1.16702
1.01888
0.815513
1.13406
1.65008
1.28274
1.38343
1.67394
1.31102
1.14682
1.41467
1.33308
1.50441
0.907539
1.02327
1.48744
1.32408
1.32434
0.852045
0.884928
0.895949
1.16447
0.809933
1.08784
1.35573
1.48047
1.5104
1.17813
0.898793
1.50608
1.02621
1.54681
1.69919
1.58452
1.0857
1.0946
1.48528
1.36102
0.832604
1.50063
1.88405
0.974598
1.30808
1.43855
1.16892
0.994297
1.71195
1.50512
1.38585
0.950276
1.32575
1.39987
1.04529
1.55367
1.29072
1.29033
1.32024
1.672
1.17842
1.05641
1.44525
0.986035
1.17951
1.27909
1.1369
1.35699
1.10276
1.82028
0.804652
1.09899
1.14261
0.987578
1.20328
1.18242
1.12773
1.16088
0.978307
1.2054
1.25547
0.932588
0.918866
1.23084
1.62288
1.52612
1.6116
1.44851
1.32548
1.04121
1.47845
1.47412
1.32471
1.25347
1.24258
1.56263
1.43552
1.23056
1.30477
1.373
1.5654
1.23168
0.854518
1.4192
1.62414
1.20416
1.33077
1.06855
1.29963
1.29415
1.67678
1.86308
0.982216
1.15677
1.25331
1.31527
1.32759
1.34233
1.11653
1.28181
1.76323
1.61524
0.869492
1.40065
1.16566
1.44143
1.05623
0.885363
1.47254
1.39194
1.51038
0.976181
1.31637
1.83769
0.735937
1.38019
1.28326
1.05869
1.11174
1.38161
1.38281
1.50957
1.216
1.25897
1.28044
1.44649
0.884385
0.602602
1.30818
1.10613
0.930904
1.2544
1.50205
1.30704
0.993521
1.2924
1.43016
1.68993
1.31796
1.14328
1.47579
0.9579
1.3213
1.25947
1.03454
1.18478
1.53549
1.62859
1.58215
1.20917
1.1198
1.51992
1.12045
1.41472
1.48966
1.06824
1.2087
1.87755
1.72057
0.846799
1.28197
1.31949
1.40426
1.14339
1.09162
1.55555
1.8302
1.74905
1.25084
0.896769
1.43031
0.84519
1.18493
1.19914
1.22629
1.05315
1.24095
1.12725
1.13404
1.25126
1.09749
1.31615
1.67204
1.10658
1.41181
1.25928
0.647944
1.16463
1.16046
1.04575
1.30636
1.37904
1.03764
1.57399
1.12394
1.36808
1.32363
0.780142
1.32187
0.961231
1.32114
1.34692
1.27942
1.06995
0.834554
1.31234
1.53286
1.17594
1.16526
1.53024
1.40885
1.08087
1.33636
1.43131
1.29109
1.75916
1.09804
1.05208
1.39405
1.52879
1.44536
1.19372
1.3864
1.40225
1.14028
1.24934
1.7538
1.05036
1.19367
1.30113
1.44224
0.800225
1.00472
1.19539
1.44939
1.304
1.00745
0.736105
1.54569
1.0275
1.58153
1.07394
1.22158
1.2646
1.17044
0.993334
0.760328
1.77093
0.931935
1.45772
1.42371
0.860688
0.96287
0.989095
1.18527
1.56058
1.27301
1.00578
1.35497
0.936685
1.08945
1.49055
1.65132
1.2151
1.40189
1.0542
1.14798
1.6083
1.16064
1.35707
1.45341
1.52443
1.00181
0.978966
1.13466
1.63496
1.51131
1.55949
1.37632
1.2548
1.19259
0.921437
1.32054
1.37282
1.25864
1.13973
1.17025
0.657228
1.62814
1.23065
0.766041
1.23149
1.40533
1.34726
1.77168
1.37038
1.20481
1.35886
0.996657
1.44795
1.11169
1.16547
0.828728
0.965636
1.39792
1.13483
1.23176
1.38521
1.22937
1.1423
1.4195
1.63949
1.39728
1.5944
0.998141
1.31682
0.868045
1.01291
1.49511
1.28551
1.26497
1.30956
1.11992
1.59655
1.30351
1.02489
1.54583
0.471594
1.19518
1.08327
1.38109
0.977778
1.31437
1.12372
1.31212
1.25227
1.17582
1.4459
1.13022
1.26415
1.12175
1.06291
1.33096
1.2434
0.961262
1.4433
1.52619
1.47419
1.37877
1.71669
1.40697
1.18792
1.73917
1.24195
1.5782
0.948819
1.38326
1.31523
1.89935
1.42158
1.08733
0.72287
1.18119
1.36802
1.32579
1.45017
1.24919
1.16627
1.14438
1.12169
1.47179
1.06602
1.14523
1.29145
1.09384
1.12151
1.05482
1.08831
0.904811
1.0733
1.35832
0.990702
1.52226
1.41725
1.48273
1.50022
1.06179
1.3731
0.964005
1.17696
1.28513
0.938598
0.97068
1.17978
1.65882
1.25451
1.20122
1.25311
0.95727
1.04043
0.873288
1.23743
1.91337
1.32722
0.79398
1.24923
1.40088
1.6263
1.39492
1.00157
1.44941
1.39627
1.26931
1.21468
1.23902
1.01176
1.36088
0.852961
0.93668
1.4903
1.27585
0.839992
1.26672
1.4021
1.03489
1.27725
1.27445
1.42279
1.29296
1.24078
1.21258
1.23663
1.37647
1.33272
1.06676
1.1363
1.42528
1.1991
1.53043
1.16618
1.20195
1.41522
0.826862
1.24705
1.60715
1.21313
1.42974
1.3389
0.869092
1.46787
1.1357
1.83217
1.5675
1.08187
1.22211
1.8301
1.08514
1.55707
1.76864
1.42422
1.08086
1.53638
1.02466
0.942635
1.18828
0.91341
1.3876
1.74199
0.936727
1.46617
1.16853
0.812908
1.25806
1.41384
1.23185
1.39822
1.14898
1.64997
1.25853
1.72973
1.3186
1.60264
1.74869
1.04762
1.54787
1.28362
0.966183
1.22846
1.431
1.38761
1.49498
1.26092
1.05227
1.35361
1.30739
1.56492
1.59058
1.24269
1.08544
1.17455
1.06314
1.38606
0.75699
1.30161
1.18907
1.55788
1.52553
1.37344
1.19238
1.64196
1.1525
1.37377
1.55182
1.95765
1.47135
1.22285
1.42292
1.07588
0.954054
1.29702
1.75054
1.4006
0.988724
1.3746
1.23347
1.22523
1.63383
1.10926
0.879544
1.02219
1.54467
0.720702
1.09259
1.29573
1.31878
1.4523
1.51194
1.24034
1.26263
1.77614
1.27204
1.38984
1.59619
1.31854
1.01149
1.21768
1.25018
1.60802
1.44611
1.11674
1.27255
1.48301
1.31616
1.38143
1.55717
1.21037
1.52804
1.32329
0.975007
1.52434
1.42958
1.36817
1.483
1.42087
1.38649
1.414
1.35929
1.17358
1.06508
1.64641
1.21755
1.25872
1.28311
0.914849
1.48969
1.53185
1.02819
1.44448
1.20073
1.44594
1.46796
1.41897
1.38616
0.983115
1.27957
1.18629
1.33779
1.37835
1.35439
0.960679
1.23752
0.766958
1.08334
0.949657
1.44329
0.964443
1.39146
0.725053
1.46752
1.17406
1.34594
1.38527
1.25809
1.07989
0.999118
1.30108
1.30621
0.975432
1.30713
0.989889
0.758415
1.50974
1.42471
1.21538
1.46572
1.37252
1.52095
1.34396
1.38147
1.33905
0.78657
1.23003
0.848514
1.48701
1.30059
1.6185
1.37891
0.872187
1.29007
1.64385
1.33686
0.78013
1.39658
1.68847
1.70269
1.18271
1.70358
1.38523
1.4135
1.31049
1.30686
1.45849
1.1169
1.47822
1.35924
1.24837
1.38538
0.997754
1.50508
1.47756
1.56359
1.18045
1.32598
1.12524
1.04225
1.20257
1.16317
1.56913
1.00873
0.952387
1.143
1.33234
0.961088
1.12721
1.38019
1.29521
1.32016
1.55756
1.45891
1.13288
1.44422
1.61896
1.58462
1.4659
1.18666
0.933329
1.30247
1.2238
1.4545
1.55683
0.954034
0.942052
1.06719
1.48457
1.59959
1.15784
0.939802
1.30408
0.999722
1.30817
1.02053
1.2553
1.49491
1.47104
1.39766
1.11166
0.974705
1.24796
1.24954
0.93518
1.60395
1.30603
1.41681
1.33503
0.915019
0.664999
1.05181
1.18335
1.07423
1.07817
1.1438
1.23697
1.20616
1.04552
1.23577
1.07427
1.55919
1.25694
1.70257
0.954018
1.45404
1.44688
1.14378
1.79775
0.911824
1.4089
1.78555
1.09745
0.64506
1.43234
0.837946
0.96331
1.41364
1.52424
1.35319
1.34879
1.07443
1.0491
1.88775
1.46091
1.2973
1.28795
1.22406
0.984596
1.57793
1.25941
1.4023
0.859802
1.37361
1.33963
1.25779
1.64047
1.6173
1.38281
1.30238
1.33992
0.990984
1.31376
1.57972
1.04379
1.39566
1.50728
0.901774
1.3495
1.09466
1.06485
1.07591
1.28081
0.87656
0.820516
1.60791
1.33046
1.01077
1.20027
1.1891
1.32415
1.49569
1.556
1.49346
1.31735
1.24074
1.14452
1.38735
1.28778
1.14848
1.5753
1.16593
0.936687
1.04851
1.53679
1.17182
1.0637
1.11742
1.53137
0.910276
1.35371
1.28638
1.36815
1.77124
1.26866
1.34364
1.31674
1.10968
1.37847
1.61117
1.12044
1.46433
1.55646
1.48604
0.956801
1.67539
1.25089
1.51253
1.13108
1.18151
1.20638
1.44419
1.19467
1.22231
1.93916
1.47822
1.30949
1.20448
1.43284
1.27673
1.18067
1.54171
1.07318
1.22948
1.01378
1.49907
1.4356
1.51919
1.35392
1.53086
1.21247
1.09004
1.69585
1.48715
1.84665
0.863031
1.34085
1.50696
1.15416
1.01963
1.05554
1.67402
1.42691
1.73086
1.46431
1.33784
0.779171
1.3728
1.07588
1.86998
1.11972
1.00899
1.38675
1.8329
1.16302
1.54893
1.30459
1.3341
0.947144
1.61715
1.45975
1.47646
0.986755
1.33007
0.957834
0.843317
1.69716
1.13702
1.10721
1.40115
0.906006
1.80167
0.759235
1.35782
1.01699
1.28459
0.985743
1.12146
1.00423
1.27046
0.988367
0.966035
1.56959
1.26706
1.77333
0.968168
1.44501
1.0742
1.78522
1.03675
1.04559
1.29818
1.08795
0.547663
0.954077
1.35358
0.847054
1.49512
0.777323
1.74648
1.55529
1.45287
1.32861
1.24375
1.26936
1.4641
1.46477
1.46819
1.3375
1.31995
1.10259
1.08726
1.62169
0.916626
1.25476
1.13267
1.37448
1.34609
1.42008
1.30171
1.2851
1.41916
1.80457
1.31694
0.713354
0.961857
1.1584
1.22821
1.63119
1.24747
0.994535
1.18839
1.40574
1.5482
1.40042
1.02226
1.40243
1.31586
1.6786
1.30111
1.19103
1.42865
1.64789
1.30191
1.64167
1.15996
1.71307
1.36733
1.31904
1.3534
1.05573
1.38308
1.38582
1.35462
1.21158
1.02542
1.6
1.28929
1.13205
1.46872
1.19435
1.60864
1.4566
0.896676
1.16691
1.4816
1.39936
1.29103
1.09469
1.43278
1.11797
0.971327
1.06721
1.22988
1.09683
1.17996
1.21923
1.24278
1.45691
1.3749
1.48242
1.1526
1.28606
1.19212
1.43064
0.863267
1.4377
1.61361
1.38878
0.960387
1.23103
1.66829
0.993799
1.13014
1.37342
1.11693
1.55803
1.29777
1.31077
1.37526
1.17152
1.13563
0.98672
1.54452
1.06904
1.41377
1.10575
1.22743
1.29429
1.35245
1.17843
1.19015
1.54291
1.11648
1.29142
1.38951
1.15722
1.25702
1.75234
1.09497
1.69232
1.37473
0.839172
1.08687
1.38761
0.841571
1.39252
1.36193
1.44473
0.93369
1.37564
1.38866
1.49912
1.49395
1.39697
1.58352
0.89003
1.34256
1.53851
1.42185
1.24021
1.10024
1.30551
1.09335
0.994102
1.08514
1.56012
1.2347
1.25475
1.4799
1.51978
1.36609
0.873109
1.19563
1.49884
0.822094
1.33204
1.44091
1.06583
1.75602
1.16992
1.17217
1.35544
1.21239
1.45523
1.14175
1.0211
1.18254
1.67061
1.16129
0.89182
1.32801
1.41355
1.58953
1.3881
0.986239
1.30779
0.880717
1.19266
1.29499
1.13452
1.01724
1.47762
1.41627
0.973671
1.48452
1.07873
1.47244
1.12319
1.25467
1.5228
1.49209
1.0824
1.72089
0.800825
1.05968
1.20916
1.15741
1.57821
1.66547
1.31532
1.26725
1.49055
1.07996
1.21938
0.997679
1.16131
1.01782
1.22724
1.70293
1.24494
1.52436
1.66009
1.58317
0.952805
1.07314
0.948084
0.986658
1.30472
0.973951
1.66408
1.2865
1.01946
1.67753
1.5314
1.04637
1.47103
0.824894
1.51438
1.32737
1.34101
0.961396
1.22224
1.4521
0.958593
1.2635
0.898641
1.41012
1.32728
1.36148
1.21823
1.40167
0.812596
1.43251
1.07823
1.38102
1.6748
1.22969
1.07835
1.28989
0.85726
1.48009
1.5259
0.882742
1.32389
1.78742
1.40943
1.52627
1.32931
1.31734
1.24462
1.23588
0.95514
1.55165
1.4048
1.38898
1.10615
1.55375
1.34567
1.02051
0.989368
1.58828
0.758829
1.2227
1.38961
1.18987
1.21382
1.37798
1.30656
1.10378
1.01896
1.18719
0.892686
0.986383
0.90811
1.26898
1.49301
1.41331
0.985891
1.49254
1.60473
1.42119
1.40468
1.19248
1.19138
1.4331
0.888058
1.06861
0.981755
1.11724
1.51831
0.86235
1.58058
1.84111
1.25024
1.67503
1.15622
1.39474
1.49655
1.63132
0.833146
1.40284
1.39833
1.36179
1.37117
1.60907
0.912987
0.963883
1.43751
1.35333
1.48851
1.10162
1.56218
1.43745
1.42042
1.31202
1.2488
1.11977
1.52243
1.36649
0.995466
1.17249
0.952655
1.25953
1.67514
1.09447
1.3509
1.28415
1.18021
1.61125
1.61007
1.20696
1.45162
1.57373
1.37736
1.09208
0.990396
1.61391
1.64242
1.16114
1.63487
1.10381
1.33029
0.979549
1.19201
1.36288
0.926956
1.28562
1.34194
0.890711
1.48694
1.41724
1.12154
1.28218
1.37963
1.15024
1.38462
1.19288
0.980977
0.985018
1.22403
1.63103
1.33502
1.58656
1.26298
1.14996
0.757044
1.10775
1.11488
1.62303
1.24793
1.14649
1.5169
1.22295
1.27361
1.35669
1.46398
1.77864
1.2872
0.836792
1.50866
1.68794
0.905583
0.985206
0.884461
1.34311
1.62947
0.967736
1.40763
1.40424
0.791071
1.5942
1.57938
1.21578
1.08031
1.49182
0.982283
0.91707
1.27424
1.18328
0.933857
1.26762
0.952132
1.04496
1.53454
1.26091
1.28554
1.14138
1.09649
1.53238
1.35037
0.872077
1.11634
1.21071
1.33992
1.23974
1.66472
1.5053
1.2381
1.00955
0.87653
1.10961
1.23994
0.993558
1.63207
1.33109
0.807359
1.63664
1.0589
1.49641
1.02686
1.47934
1.30845
0.947823
1.32974
1.58197
1.14244
0.941966
1.15481
0.839094
0.929612
1.31361
1.65757
1.36469
1.29135
1.36111
1.01489
1.41998
1.38374
1.4115
0.886636
0.918973
1.0903
1.62361
1.83299
1.04466
1.19802
1.05821
0.957876
1.25564
1.25248
1.43496
1.52857
1.33237
0.903785
1.16887
1.05435
1.47102
0.935827
0.935648
1.31323
1.2415
1.4449
1.3339
1.00376
1.15001
1.35239
1.40199
1.1256
1.30725
1.2254
1.35515
1.44561
1.50985
1.3406
1.08469
1.47014
1.39524
1.27544
0.964708
1.20301
1.2835
0.922252
1.48094
1.28578
1.45884
1.22276
1.24641
1.10737
1.1481
1.47115
1.2082
1.29028
1.39962
0.881351
1.04459
1.1289
1.31836
1.40594
0.632689
1.40815
1.44944
1.01902
1.62199
1.59329
1.20022
1.52585
1.63697
1.24608
1.43996
1.31935
1.37722
1.00478
1.56263
1.55719
1.53311
1.561
1.9424
1.60832
1.21083
0.955014
1.03677
1.28235
1.06952
0.95941
0.983547
1.19567
1.40651
1.53023
1.43991
1.10958
1.27556
0.997335
1.28811
1.17435
1.253
1.28658
1.70945
1.54169
1.30261
1.41999
1.1788
1.83299
1.73348
1.48645
1.13115
1.1635
1.27355
1.29758
1.22919
1.09172
1.30261
1.77764
1.56993
1.13187
1.45072
1.20756
1.44225
1.52975
1.16463
1.00074
1.39394
1.00885
1.35545
1.22961
1.56057
1.12982
1.13697
1.00332
1.27693
0.733389
0.899726
1.12286
1.18244
0.637174
1.22902
1.49865
0.891504
1.51926
1.51024
1.48717
1.69544
1.64925
0.826537
1.21398
1.74661
1.09228
1.61684
1.0841
1.22597
1.14972
0.798191
0.686228
0.907553
1.32331
1.79979
1.25365
1.31031
1.45599
1.59957
1.72734
1.39101
1.13988
1.26941
1.41141
1.13358
1.05525
1.31261
0.977421
0.943971
0.957589
1.26312
0.916155
0.908714
1.24792
0.9018
1.35638
1.11334
0.868878
1.6439
1.24157
1.42907
1.34159
1.23516
1.39043
0.939069
1.08926
1.00048
1.44533
1.59476
1.02869
1.03636
1.38069
0.912592
1.2866
1.2762
1.12936
1.07905
1.14849
1.31868
1.34636
1.26354
1.3772
1.13586
0.94667
0.865245
1.41418
0.948842
1.5589
1.2817
1.89181
1.14167
0.995353
1.69239
1.01
1.36751
1.31012
0.975873
1.22025
1.27394
1.08104
1.35469
1.64281
1.18534
1.76384
1.30311
1.45781
1.38581
1.0273
1.31217
1.02999
1.61867
1.41011
1.26857
1.43489
1.19532
1.48764
1.47404
1.21915
1.50343
1.04786
1.2735
1.12513
1.29656
0.809481
1.19178
1.07628
1.45595
1.53148
1.29894
1.49229
1.23457
0.981872
1.41522
1.39748
1.40329
0.863629
1.37305
1.17927
1.32852
1.06675
1.3687
1.09876
1.16591
1.45227
1.48989
1.20163
1.44446
1.6416
1.35627
1.57316
1.23189
1.00287
1.2193
0.860306
1.67437
1.0022
1.23574
1.27319
1.29636
1.5126
1.37352
1.52173
1.30204
0.620617
0.926734
1.02914
1.04472
1.04108
1.51223
1.09697
0.974823
1.18115
1.04287
1.21087
0.810437
1.15753
1.36523
1.34459
1.32347
1.29593
1.18357
0.914969
1.65461
1.66167
1.40537
1.14464
1.39872
1.18267
0.662062
0.980476
1.26244
1.39407
1.5168
1.37389
1.50434
0.603067
1.29864
1.25573
1.53971
1.4831
0.863341
1.0426
1.43577
1.20838
1.44972
1.16596
1.51862
1.71533
1.34476
1.20357
1.13399
1.178
1.56875
1.40391
1.5516
1.06784
1.15618
0.971062
0.794429
1.11211
1.5623
1.40747
0.944835
0.983482
1.29778
0.800198
1.32174
0.934308
1.44038
1.5524
1.32613
1.29306
1.21493
1.34855
1.0515
1.19335
1.18903
1.3065
0.715971
1.39692
1.27537
1.51727
1.13148
1.38617
1.62031
0.743189
0.929916
1.03927
1.51014
1.47624
1.17699
1.31889
1.09295
1.44617
1.54412
1.43818
1.17033
0.660236
1.20972
1.46039
1.44605
1.32236
1.23554
1.22093
1.17634
1.41462
1.0213
1.30013
1.44705
1.18674
1.41172
1.12764
1.0288
1.10027
1.2813
0.831546
1.29957
1.68018
1.17803
1.04683
1.26312
1.76714
1.17263
0.956596
1.18119
1.1843
0.982714
1.01862
1.22276
0.976979
1.52187
1.43226
1.34043
1.01327
1.51881
1.25377
1.47231
0.770462
0.792097
1.23019
1.22882
1.03628
1.5362
0.995202
1.4964
1.83125
1.32935
1.0747
1.42838
1.63421
0.949617
1.51156
1.09323
1.02515
1.20355
0.513998
0.778391
1.2766
1.43689
1.27295
1.37794
0.99842
1.2928
0.849028
1.21445
0.773003
1.36419
1.09552
1.30532
1.03313
1.02547
0.886727
1.15501
1.26772
1.31521
1.29804
1.21379
1.15065
1.48892
0.950574
1.26902
1.7353
1.0143
1.21423
1.32027
0.964588
1.25958
1.35161
1.30399
0.997162
1.29521
1.35929
1.39658
1.57962
0.865304
1.89273
1.11632
1.53841
1.10113
1.2546
0.84611
0.923145
1.49091
1.41646
1.45876
0.986365
1.0037
1.49569
0.971871
1.06794
1.25968
1.58872
1.13488
1.09972
1.07606
1.57236
1.14985
1.33288
0.91318
1.38297
1.20512
1.40424
0.917998
1.10963
1.56164
1.123
1.51793
1.21003
1.20679
1.44489
1.02746
1.33117
1.21794
1.3069
1.16293
1.06252
1.22027
1.42194
1.27274
1.28834
1.31182
1.29611
1.32983
1.20484
1.74404
1.24917
1.00021
1.39284
1.17953
1.06402
1.35725
1.48185
1.37359
1.41509
0.919598
1.52495
0.893632
1.52029
1.45275
1.10531
1.09826
1.01358
1.43619
1.44752
1.28748
1.75134
1.82361
1.04815
1.21857
1.18124
1.27462
1.43876
1.02666
0.915362
1.05737
1.10873
1.19834
0.963622
1.32166
1.34229
1.0946
1.30214
1.0509
1.41827
1.00236
1.06061
1.25986
1.66358
1.11402
1.56058
1.40514
1.31357
1.23194
0.881898
1.53188
1.02621
1.49237
1.28667
1.27734
1.03914
1.35689
0.879467
1.16934
1.43245
0.873589
0.978667
1.31189
1.49838
0.97882
1.1253
1.62367
1.30202
1.09848
1.00517
1.54452
1.38041
1.47538
1.47797
1.7635
1.03445
1.64552
1.06453
1.096
1.19466
1.58384
1.30223
0.98092
1.63844
1.09353
1.56144
0.842072
1.42971
1.51365
1.29332
1.07963
1.60696
1.07301
1.38975
0.91355
1.21448
1.33326
1.03403
0.875131
1.39714
1.22437
1.23771
1.03375
0.830017
1.50374
0.944735
1.31396
1.13817
1.32125
1.37734
0.972698
1.29662
0.942458
0.814246
0.96991
1.42565
1.3748
0.824699
1.31113
0.96407
0.767727
0.91124
0.777612
1.1023
0.725272
1.31336
1.38724
1.37773
0.9736
1.36484
1.24032
1.36824
0.916178
1.3002
1.28458
1.39
1.05326
1.1305
0.942587
1.12805
1.49012
0.962613
1.48244
0.831432
1.86225
1.36007
1.52844
0.764364
1.5529
1.19661
1.32083
1.34238
0.754468
1.37636
1.14624
1.7125
1.17402
1.19983
0.740209
0.959023
0.846233
1.6511
1.86178
0.895469
1.39854
1.42942
1.10563
1.40661
1.62168
0.975604
0.843018
1.46467
1.0453
1.02803
1.6982
1.73402
1.03588
1.19833
1.42128
0.710327
1.12072
1.66793
1.1994
0.765994
1.14678
1.4717
1.57248
1.61781
0.910703
1.28917
1.37714
1.27649
1.37393
1.66347
1.24182
1.08418
1.35914
1.28474
1.06488
1.47291
0.918297
1.27478
0.911694
1.50919
0.909234
1.19866
1.64054
1.25917
1.03518
1.03516
1.36195
1.16022
1.04871
1.47502
1.2933
1.66528
1.41544
1.40704
1.03131
1.2292
1.43366
1.14054
1.44712
0.717517
1.14961
1.0912
1.23126
1.34135
0.85891
1.25007
1.13646
1.56709
1.42637
1.71181
1.56003
0.992198
1.24508
1.49724
1.33813
0.968012
1.32495
1.35992
1.14325
1.27263
1.1947
1.67276
1.14477
1.25661
1.75274
1.27768
1.67976
0.969494
1.0839
1.29221
1.22852
1.17859
1.17243
1.47355
1.06307
0.98276
1.15656
1.56927
0.844008
1.65148
1.33923
1.22206
1.38759
1.17039
1.00966
1.11018
1.38303
1.17418
1.19203
1.55914
1.53758
1.3392
1.61938
1.54843
1.21527
1.43301
1.03424
1.31181
1.58057
1.50039
1.53009
1.55153
0.96896
1.44835
1.61979
1.55185
1.64617
1.63699
1.03206
0.872435
1.41153
1.53162
0.470188
1.56399
1.0662
1.08987
0.844475
1.52978
1.58054
1.12353
1.53731
1.6962
1.06021
1.44699
1.74973
1.19051
0.635125
1.01471
1.49382
1.48773
1.39472
1.49708
0.998754
1.76275
1.27767
1.34534
1.18162
1.30335
1.07729
1.36667
1.41523
1.50028
1.47358
1.43098
1.01953
1.04191
1.66663
1.18707
0.902047
1.30178
1.37653
1.31432
1.12976
1.44324
1.05977
0.89225
1.36068
1.2774
1.28023
1.11418
1.45812
0.974181
1.17947
1.46523
1.28873
0.69982
1.07579
1.37764
1.24756
1.14326
1.51639
1.20313
1.32765
1.14747
1.1071
1.12715
1.57514
1.19405
1.38502
1.22011
1.06277
1.1201
1.10465
1.34324
1.03924
0.965239
1.2213
1.39463
0.90565
1.53967
1.58308
1.21409
1.32002
1.7824
1.3206
1.21209
0.908938
1.44846
1.52889
1.33596
0.986052
1.51963
1.22071
1.48748
1.01211
1.44533
1.1518
1.36901
1.42876
1.30569
1.25505
1.30481
0.789567
1.20387
1.51899
1.65227
1.3777
0.950042
1.42269
1.14415
1.27313
1.65052
1.30876
1.26544
1.20268
1.62484
1.2295
1.51137
1.58393
1.40137
0.857284
1.2252
1.10044
1.32832
1.21433
1.06829
1.24066
1.34992
1.41478
1.31302
0.721604
1.65604
1.52222
1.53509
1.08271
0.933764
1.57651
1.58025
0.772017
1.37255
1.34163
1.18992
1.42903
1.39915
1.35646
1.33971
1.80288
1.24374
0.896532
1.61899
1.24803
1.35739
1.85501
1.07958
1.15296
1.3555
0.935741
1.60042
1.32591
1.28413
1.3673
1.10918
1.86189
1.38031
1.40082
1.23431
1.136
1.21986
1.53884
0.8809
1.50612
1.51232
1.60242
1.78558
1.10265
1.43384
1.33227
1.03016
1.0691
1.68276
1.33992
1.2629
0.947299
1.57973
1.37629
1.2983
1.5931
1.51649
1.29746
1.28679
0.873244
1.37486
1.0236
1.24633
1.17309
1.65936
0.978023
1.1422
1.0461
1.00383
1.06864
1.15372
1.78398
1.55735
1.48433
1.1668
1.55609
1.51043
0.892276
1.20007
0.909433
1.48078
1.48091
1.54868
1.40919
1.6064
1.50216
0.707961
1.16145
1.26065
1.18205
1.63079
1.44588
1.21338
1.21199
1.3159
1.47825
1.58671
1.4249
0.959842
1.29275
1.45018
1.05447
1.67757
1.26378
1.16328
1.70804
1.5494
1.32241
1.11719
1.07328
1.14032
1.20324
1.777
1.19388
1.27016
1.51111
1.09793
1.12476
0.823773
1.6144
1.51824
1.24399
1.0084
0.999037
0.95772
1.24885
0.840859
1.58503
1.79089
1.60474
0.964649
1.22172
1.11914
1.31291
1.49348
1.43875
1.08124
0.843683
1.44546
1.22107
1.35172
1.30786
1.42102
0.644611
1.30961
0.870981
1.48475
1.52419
1.3177
1.54646
0.845694
0.805083
1.34477
1.2427
1.33055
1.40013
1.39081
1.35081
1.10729
1.76431
1.32728
1.20928
0.971472
1.08765
0.893669
1.04025
1.20318
1.39454
1.60702
1.18316
0.82156
1.03679
1.26312
1.27702
1.08672
1.66298
1.67184
1.29699
1.50189
1.37594
1.45062
1.50845
1.32355
1.05485
1.53532
1.18712
1.55668
1.22748
0.885836
1.50239
1.02668
1.31015
1.36092
1.07559
1.13803
1.49576
1.50635
0.829692
1.20037
0.822505
1.38903
1.27708
1.19706
1.08975
1.27508
1.45354
1.58049
1.06307
1.1834
1.2429
1.39281
0.984583
1.23248
1.03422
1.32695
1.63983
1.50823
1.29145
1.27577
1.47264
1.50116
1.32972
0.868454
1.59168
0.980852
1.27688
1.25211
1.11045
1.08251
0.877066
1.45878
1.16976
1.16804
1.31063
1.45629
1.05803
1.06656
1.55639
0.703009
1.65659
1.18946
1.23338
1.33285
1.54794
0.858058
1.0351
1.34963
1.20427
1.56976
1.61042
1.23279
0.705943
1.43733
1.16407
1.27662
0.83179
1.40777
1.44519
1.39305
1.6964
1.67345
1.49208
0.822702
1.40499
0.766021
1.81218
1.0911
1.31399
1.48378
1.25359
1.41855
1.31538
1.55491
1.12972
0.684328
1.25428
1.28929
1.20081
1.18351
1.54209
1.30164
1.34252
1.46661
1.51984
1.46153
0.989575
0.879539
1.48387
1.39759
1.21614
0.80982
1.10896
1.09414
1.43204
1.71885
1.13205
1.08867
0.897642
0.960907
1.01985
0.847648
1.16581
1.00944
0.804782
1.85712
1.47593
0.932712
1.20585
1.55342
1.50964
1.10617
1.47275
1.76185
0.932296
1.50519
1.37776
0.822352
1.63291
1.39716
1.37152
1.14717
1.65652
1.21463
1.17822
1.62068
1.36394
1.54883
0.712181
1.49726
1.31212
1.42752
1.13577
1.2823
1.20918
1.14585
0.93203
0.690613
0.91191
1.54268
1.90633
0.904199
1.02167
1.11679
1.40034
1.28081
1.44846
1.20318
1.31445
1.21802
1.37502
1.31224
1.53918
1.11702
1.18506
1.57985
0.890391
0.976677
1.12003
1.78509
1.22128
1.36529
1.1819
0.872014
1.12212
0.9745
1.51231
1.32151
1.55164
1.50097
1.56923
1.24267
1.74327
1.42076
1.61792
1.12126
1.05847
1.43893
1.25125
1.3767
1.24847
1.73153
1.42404
1.12448
1.98432
1.38085
1.25804
1.52086
1.35044
0.894768
1.44423
1.40445
0.746447
1.01744
1.21431
1.12164
0.945721
1.0177
1.12839
1.31575
1.55563
1.17437
1.42735
1.02786
1.28045
1.33786
1.42742
1.50348
1.05207
0.989233
0.938538
1.28711
1.00124
1.30186
0.694342
1.12516
1.43842
1.50611
1.09401
1.62611
1.57201
1.17501
1.14344
1.04959
1.06778
1.13494
0.945709
1.37484
1.30223
0.765925
1.68311
1.67139
1.1369
1.36103
1.63238
0.883566
1.36535
0.913834
0.945591
1.27291
0.972468
1.08418
1.40346
1.06901
1.45453
1.31775
1.22916
1.61691
1.14119
1.00482
1.04624
1.56033
1.20882
1.16624
0.986337
1.4826
0.906478
1.24026
1.57892
1.52823
1.01189
1.04303
1.20395
1.45335
1.19681
1.33077
1.55049
1.13536
0.941556
1.16035
1.08554
1.34737
1.50635
1.41264
1.24079
1.36545
1.5365
1.41241
0.805595
1.70491
1.1972
1.54297
1.03351
1.35424
1.233
1.7359
1.34703
1.29647
1.03119
1.13868
1.14534
1.31599
0.879926
1.43333
1.74036
1.27552
1.33395
1.19205
1.05335
1.14077
1.35466
0.980934
1.43253
1.37874
1.42205
1.53483
1.05357
1.2214
1.48863
1.09107
1.57845
1.09123
1.09535
1.36776
1.14849
0.991066
1.09778
1.11101
1.32115
1.11966
1.51919
1.57537
1.19292
1.10851
0.886015
0.981711
1.31818
0.789711
1.37488
1.12392
1.05475
1.30495
0.914759
1.4257
1.16046
1.22779
1.45517
1.50152
1.17467
1.11022
1.59551
1.39926
1.53773
1.01419
1.22095
1.44905
1.45509
1.06691
0.946771
0.954278
1.0959
1.54242
1.50309
1.82581
1.67049
0.882784
1.21644
1.14961
1.4227
1.24723
1.09489
1.14581
1.31206
1.78977
0.931482
0.699947
1.37668
1.18938
1.12554
1.44529
0.802861
1.30594
1.11047
1.72156
1.22379
1.14839
1.65952
1.21426
1.67938
1.51058
1.49704
1.09551
1.54158
1.15582
1.17043
1.00761
1.30532
1.37394
0.932896
1.31906
1.24485
1.07757
1.43693
0.798174
0.815528
1.06803
1.3943
1.37625
1.2433
1.08485
1.16313
0.818821
1.46116
1.46602
1.11479
1.45544
1.32337
1.31586
1.32484
1.65749
1.42478
1.07214
1.17144
1.17311
1.33176
1.17122
1.65777
1.3454
1.49401
1.16187
1.20046
1.34139
1.6328
0.839561
1.3468
1.30623
1.63951
1.33754
1.49665
1.26627
1.12002
0.892384
1.19937
1.6349
1.58931
1.40791
1.00754
1.36832
0.892493
0.781814
1.17483
1.50875
1.38315
1.00932
1.32674
1.1963
0.982774
1.61235
1.10718
1.37602
1.18272
1.49492
0.890624
1.48526
1.39225
0.868903
1.17615
1.24189
1.40748
1.57411
1.49975
1.67798
1.63705
1.4913
1.43505
1.52283
1.80751
1.02192
0.919285
1.08908
1.16574
1.22118
1.01385
1.41785
1.81764
1.63127
1.22089
1.2026
1.37413
1.5583
1.25825
1.16237
1.04648
1.33201
1.46854
0.898502
1.30004
1.46395
0.867039
0.663049
1.08016
0.636032
1.29499
1.52689
1.33399
1.27911
1.30553
1.40569
1.38817
1.05561
0.920427
1.40847
1.15904
1.08226
1.77073
1.25386
0.987725
0.842781
1.4586
1.31195
1.13119
1.07999
0.740063
1.4428
1.15057
1.52
1.27811
1.24011
1.13674
1.15403
1.64769
1.13347
1.13766
1.17664
1.36685
1.19005
1.33013
1.1209
1.55332
1.54031
1.09567
1.53014
1.32685
1.31939
1.60887
1.72428
0.946182
1.43419
1.00784
1.42199
0.851375
1.43589
1.38714
1.86609
0.954377
1.44095
1.15993
1.21508
0.868895
1.57122
1.13263
1.0429
1.87481
1.60798
1.63626
0.990617
1.34287
1.45224
1.47386
1.01577
1.43722
1.14424
1.8341
1.19221
1.53883
1.25901
1.20334
1.64983
0.988986
1.0322
0.62371
1.63434
1.88279
1.08039
1.50159
1.70318
0.79679
1.21284
1.24636
1.2186
1.4923
1.13598
1.3116
1.05152
1.23783
1.49281
1.31293
1.21179
0.931422
1.17033
1.26429
1.49171
1.54758
1.16964
1.56858
1.59854
1.19554
0.989988
1.24261
1.27974
1.37617
1.78203
1.22596
1.24349
1.44338
1.23236
1.30533
1.24051
1.44125
1.7467
1.24982
1.66168
1.15884
1.59506
1.00287
1.39209
0.971447
1.32432
1.34689
1.4224
1.34862
1.08507
1.46333
1.23619
1.24652
1.03633
1.58004
1.38561
1.49717
1.46848
1.59563
1.11764
1.03171
1.04724
1.08267
1.1671
0.988582
1.25195
1.24697
1.40056
1.50053
1.2276
1.02819
1.23916
1.50556
1.212
1.31386
1.2338
0.998754
1.40661
0.904418
1.5858
1.4364
1.40261
1.20368
0.883095
1.49015
1.74352
1.35775
1.43241
1.53325
1.42766
1.37219
1.62459
1.28446
1.37781
1.05146
1.86283
1.27841
0.847619
0.957905
1.66732
1.11298
1.02809
0.789525
1.19611
1.10797
1.39706
1.08518
0.988779
1.29853
1.22247
1.15654
1.05344
0.856681
1.1933
1.39328
1.61494
1.25071
1.01005
1.49961
0.882053
1.379
0.978256
1.64397
1.44136
1.39308
1.26978
1.41583
1.40601
1.49764
1.26052
1.65927
0.904428
1.08397
1.05663
1.93376
1.35952
1.47784
0.951644
0.867101
1.37614
1.22606
1.11348
1.41253
1.12017
1.28891
0.798983
1.20299
1.40784
1.11096
1.55105
1.62955
1.31444
1.31872
1.39876
1.33508
1.55481
1.39623
1.05654
1.34036
1.35865
1.27598
1.18619
1.34568
1.53433
1.39741
1.35604
1.59355
0.79044
1.00498
1.3511
0.966894
1.51156
1.50294
1.51474
1.15238
1.20187
1.66535
1.57104
0.886961
0.717804
1.01006
1.28778
1.55281
1.17817
1.62569
1.51328
1.49857
1.05442
1.29376
1.12662
1.64249
1.41935
1.13035
1.29832
1.40591
1.23075
1.46385
1.09503
1.5879
1.53366
0.942936
0.903323
1.91568
1.23339
1.04336
1.16469
1.85475
0.866488
1.10339
1.33392
1.27884
1.53116
1.23936
0.88461
1.18026
0.983946
1.0819
1.37968
1.46057
1.51083
1.31493
1.25949
1.37953
0.734762
1.66357
1.07581
1.46729
1.1362
1.2629
1.26896
1.34695
1.40512
1.58269
1.21329
1.44039
0.966274
0.854492
0.920928
1.56497
1.10142
1.25369
1.22976
1.27745
1.23921
1.25166
1.64446
1.03177
1.23191
1.07184
1.26747
1.18002
1.16975
1.45329
1.14478
0.949783
1.25947
1.55256
1.60489
1.25957
1.50765
1.06856
0.971099
1.30103
1.14545
1.56795
1.29691
1.46223
1.372
1.29439
1.53213
1.20653
1.39813
1.55463
1.80454
1.44612
1.57231
0.655835
1.11192
0.926134
0.823425
1.24191
0.468756
1.94474
0.853936
1.6782
1.17334
1.1837
1.26751
1.56212
1.42148
1.43452
1.07392
1.42675
1.05994
1.30737
1.60666
1.12035
1.61692
1.7038
1.08168
1.61633
0.872254
1.13076
1.37503
1.71893
0.836108
1.29138
0.98662
1.46826
1.4659
1.5219
1.17308
0.914564
1.57245
1.58791
1.15167
1.87485
1.09195
1.22003
1.00732
1.22962
1.0669
1.36417
1.3905
1.2886
1.50774
1.35602
1.4968
1.13604
1.28954
1.43562
1.47532
0.96464
1.44065
0.938664
1.22068
0.856081
0.945698
0.90799
1.04707
0.762458
1.514
0.67468
1.1242
1.7031
1.28793
1.12808
1.46276
1.1713
1.65734
1.08281
1.48155
1.19872
0.971754
1.2011
1.40375
1.79744
1.09584
1.47709
1.04422
1.26126
1.28312
0.999438
1.36911
1.5019
0.950228
1.25547
1.6226
1.19894
1.65237
1.13449
1.05284
1.2834
1.4207
1.21208
1.29229
1.29419
1.53128
1.3248
1.93242
0.76843
0.935211
1.06571
1.34013
1.00632
0.845941
1.26234
1.28366
1.64841
1.32815
1.23669
1.11704
1.10007
1.00104
1.29182
1.56527
1.31595
1.25787
1.6298
1.70404
1.29115
1.12995
1.04234
1.38682
1.08874
1.02762
1.06198
1.14888
1.44892
1.47344
1.75293
1.49432
1.47383
1.20112
1.11562
1.20843
1.27224
1.66888
1.43871
0.946611
1.04682
1.08534
1.37807
1.30108
0.955488
1.34737
1.32009
1.73596
1.50423
1.40034
0.835138
1.25619
1.0649
1.09157
1.68699
1.12037
1.16631
1.39799
1.15642
1.50996
1.0913
1.33654
1.96293
1.50852
1.58648
1.1937
1.02686
1.30865
0.976789
1.06193
1.41907
1.30405
1.20734
1.21934
1.71249
0.980614
0.869795
0.914447
1.32224
0.565404
1.27977
1.62692
1.01953
1.11521
1.20256
1.19786
0.871263
1.71602
1.04339
1.26788
1.53585
1.22689
1.43829
1.36397
0.983607
1.13642
1.20161
1.4251
1.072
0.835995
1.37296
1.29808
1.44788
1.0651
1.45842
1.34656
1.27006
0.855771
1.44216
1.25978
1.05097
1.3564
1.73004
1.19502
1.181
1.56122
1.73153
0.672356
1.59393
1.3134
1.12525
1.15568
1.40851
1.05458
1.27933
1.03372
1.35308
1.42472
1.35757
1.4642
1.28077
1.27452
1.211
1.50553
1.20535
0.800607
1.52017
1.69138
1.5528
1.08136
1.07035
1.40465
1.68947
1.37229
1.66328
1.03652
1.52754
1.43061
0.958903
1.40636
1.42059
1.59895
0.962483
0.750545
1.82191
1.25959
1.51273
1.47969
1.26535
1.37864
1.4941
1.28693
1.13466
1.26919
1.37072
1.15157
1.25112
1.35877
1.37429
1.73014
1.29944
1.44728
0.855986
1.07445
1.6642
1.45732
1.14422
1.23233
0.977167
0.898719
1.16042
1.77319
1.49639
1.49419
1.39083
1.32566
1.42776
1.37064
0.965233
1.46872
1.52
1.31314
1.35269
0.905106
1.37966
0.838669
1.3543
0.840719
1.4274
1.74106
1.32125
0.902481
1.47001
0.984275
1.15047
0.894404
0.812991
1.59595
1.09449
1.21902
1.68128
1.18469
0.957503
1.68195
1.16332
1.3381
1.05788
1.11421
1.22166
0.684837
1.41014
1.25792
1.25825
1.23997
1.49628
1.26002
1.34877
1.879
1.52288
1.33558
1.11793
1.15058
1.5076
1.41816
1.4592
1.02329
1.79531
1.60256
1.73946
1.31504
1.21607
1.0256
1.5298
1.21858
1.34298
1.31075
1.80549
1.14152
1.09282
1.01837
1.0535
1.21469
1.21635
1.67692
1.35606
1.36966
1.12368
1.22642
1.29815
1.25383
1.16733
1.24867
1.33245
1.02343
1.3451
1.38036
0.882679
1.40132
1.62123
1.32986
1.177
1.55259
0.973484
1.02991
1.57015
1.6343
1.32073
1.24662
1.39146
1.61633
0.828089
1.21363
1.17774
1.50146
1.16915
1.187
1.16765
1.86627
1.22098
1.13685
1.20392
0.981006
1.49291
1.42138
1.48958
1.19807
1.34547
1.21192
1.35452
1.43738
0.932455
1.11373
1.18319
1.06745
1.11111
1.42766
0.981799
1.25548
1.35938
0.851155
1.27502
1.51468
1.20052
1.98394
1.06782
1.39078
1.05698
1.68314
1.12462
1.07273
1.29862
1.44987
1.48475
1.27219
1.43192
1.28788
1.35142
1.94017
1.19366
0.954681
1.20848
1.39407
1.56201
1.23344
1.33834
0.919216
0.721744
1.53626
0.828772
1.24239
1.50589
1.24852
1.59039
1.60612
1.45059
1.32069
1.25429
1.27544
1.4162
0.907685
1.6564
1.31548
1.3237
1.0142
1.35508
1.73132
1.05415
1.13486
1.60393
1.57127
1.16023
1.31667
1.13924
1.21342
1.7043
1.53233
1.86686
1.66503
1.34809
1.00041
1.37999
1.1644
1.36572
1.36786
1.23071
0.803459
1.88819
1.55953
0.987912
0.962803
0.939484
1.61945
1.08161
1.3904
1.49848
1.3311
1.22628
1.22197
1.66395
1.08083
1.5024
1.26348
1.18171
1.64135
0.801031
1.34137
1.37027
1.57295
0.608258
1.34743
1.71945
1.22564
1.07907
1.05462
1.12501
1.38694
1.53934
1.27145
1.04904
1.43576
1.4744
1.19499
1.54028
1.16399
0.879235
1.04227
1.39789
1.27326
1.13773
1.46014
1.30001
1.18007
1.4755
1.20513
1.05824
1.45425
1.11433
1.00692
0.940602
1.51392
0.685665
1.61793
1.52314
0.673936
1.26266
1.24553
1.34606
0.814978
1.50285
1.24156
1.27856
0.992656
1.07149
1.41727
1.28765
0.897442
1.38586
1.4831
1.45528
1.27057
0.753338
1.24419
1.4049
1.3996
1.49153
1.11033
1.03684
1.22939
0.933631
1.28984
1.39049
1.25902
0.890016
1.4909
1.48336
1.38335
1.33829
1.16992
1.21792
1.2546
1.24399
1.63376
0.848502
0.876083
1.53812
1.39309
0.964523
0.77224
1.2249
1.29827
1.59324
1.15195
1.25712
1.754
1.37961
1.85076
1.03528
1.15887
1.06532
1.40798
1.31985
0.9935
1.16837
0.888977
1.59717
1.24035
1.55591
1.18513
1.11809
1.40926
1.14496
0.767029
1.29561
0.985865
1.00974
1.57243
1.2538
1.73661
1.45739
0.997308
1.43825
1.26287
1.37737
1.24697
1.48268
1.37201
1.33128
1.70543
1.17732
1.39014
0.850538
1.75555
1.47205
1.26745
1.42411
1.37621
1.08544
1.32751
1.2573
1.72907
0.934703
1.06505
1.33255
1.51215
1.1823
1.15564
0.643722
1.37746
1.31596
1.05308
1.32805
1.20153
1.11521
1.12305
1.40191
1.04371
1.61932
1.00243
1.29191
1.21235
1.26307
1.18457
0.719903
1.41953
0.93545
1.44021
1.00979
1.41725
1.17208
1.0733
1.12472
1.13317
1.65993
1.23297
1.24892
1.64329
1.14002
1.21194
1.26881
1.26907
1.66996
0.995903
0.688706
1.09539
1.24501
1.02554
1.22946
