2.57327
2.81693
3.07713
3.06176
2.95672
2.55535
2.58223
2.88619
2.64206
2.68668
3.17972
2.71722
2.89077
3.07896
3.21292
2.98925
3.18594
3.14574
2.72863
2.86341
2.6342
3.19815
2.81994
3.26796
2.98634
2.38634
2.88895
2.82675
3.02153
3.02965
2.38565
3.04899
2.85187
2.41238
3.38137
2.96837
2.77596
3.31096
2.64248
2.83803
2.35475
2.73029
2.79694
2.47066
2.62543
2.52881
3.08136
2.97088
2.81327
3.06354
2.80507
2.68133
2.54116
3.11713
3.00754
3.07683
2.90185
2.91131
2.81755
2.95993
2.89474
2.97634
2.5127
2.90748
2.60692
2.86234
2.68972
3.18189
3.11113
2.73814
2.94496
2.9401
3.0603
3.00494
2.98801
2.78944
3.19571
2.89288
3.01474
3.27105
2.5519
2.77585
2.63781
3.03075
2.64229
3.03191
2.67877
3.23925
2.76164
2.44807
2.70173
3.11029
2.47913
3.49091
2.43147
2.72707
3.10721
3.05059
2.60821
2.59917
2.88256
3.06198
2.53793
2.95187
2.73788
3.18066
2.59187
2.98883
3.07477
2.60464
2.76968
2.80661
2.81799
3.31635
2.64699
2.77578
2.83889
2.95491
3.01771
3.07382
2.58253
2.7968
3.23114
2.66172
3.01378
2.86452
2.93622
2.92756
2.89894
2.94527
3.19364
2.77972
2.58143
2.80732
2.89457
2.98002
2.90086
2.69391
2.61956
2.41719
2.92556
2.9639
2.82232
2.6274
3.09016
3.10633
2.48344
2.95564
2.68821
2.73297
3.12121
2.87548
2.53808
3.16246
2.88033
3.01452
2.67779
3.13188
2.8804
3.0105
2.87266
2.2436
2.99019
2.71145
2.89568
2.84312
2.9475
2.77009
3.26212
3.11289
2.40377
2.61339
2.9567
3.26874
2.89369
2.78362
3.04336
3.42223
2.85682
2.93534
3.0794
2.43201
2.8083
3.10201
2.48772
2.97453
2.61482
2.67561
2.75278
2.72736
2.84833
2.77882
3.18189
2.88096
2.89978
3.07258
2.39921
2.71005
2.87921
2.96255
3.31969
2.83148
2.94004
2.96128
3.27162
2.80472
2.92627
3.13902
2.6223
3.06334
2.69909
2.98251
3.09661
2.43972
2.49938
2.65926
2.85155
2.45699
2.63711
2.68702
2.96046
2.96936
2.90027
3.31524
2.92966
3.10353
3.2056
3.24339
2.85624
2.95964
3.24429
2.93593
2.67612
2.81998
2.37584
2.83807
2.54817
3.2429
3.06092
3.1039
2.6499
3.05711
2.85172
3.03656
2.96287
3.05252
2.89811
3.07737
2.84697
3.04754
3.26163
2.74776
3.09873
2.46784
2.89396
2.55657
2.92775
3.31299
3.03167
2.80212
2.86736
3.14769
2.73314
3.08311
2.52485
3.34558
2.00817
2.48655
2.5568
2.59908
3.14625
3.18193
3.01167
2.44873
2.63106
2.81275
2.63614
2.9478
3.04113
3.23178
3.26811
2.75702
2.92087
2.45252
2.93438
2.72826
2.72173
2.7126
3.10719
2.67439
3.14648
2.8529
3.13961
2.73889
3.01198
2.86277
3.14617
2.68542
2.78265
2.92278
3.09809
2.79782
2.84512
2.96557
2.91381
2.82477
3.06944
3.15066
3.10999
3.33016
3.17528
2.22737
2.94684
3.20225
3.22905
2.80999
2.71831
2.68072
3.02169
2.82359
2.83571
2.90514
2.97298
2.9957
3.00952
3.04041
3.0004
2.87361
3.20578
2.53004
2.78744
2.60902
3.70149
2.87436
2.83655
2.24619
2.91728
2.61432
2.93958
2.74958
3.02626
3.06498
3.20978
2.4306
2.8919
2.67158
3.20033
2.73361
2.64348
3.15464
2.7933
2.5857
2.81208
3.22425
3.14621
2.86736
2.84063
3.06132
2.86437
3.09257
2.63667
2.55875
2.38158
2.94414
2.71479
2.85311
3.0689
3.00076
2.75206
2.5429
2.56355
3.23844
2.75061
3.02143
2.87051
3.02026
2.42689
2.90571
3.08426
2.82166
2.53249
2.81113
2.72003
2.90523
2.82674
2.8948
3.12908
3.08553
3.04161
3.04753
2.9487
2.93389
2.83064
2.56385
2.98479
2.75421
3.04524
2.76749
2.58776
3.06322
3.35541
3.35188
2.87851
2.92569
3.02886
2.64863
2.85337
2.69505
2.89754
2.4072
2.83759
3.23935
2.7398
3.20023
2.74399
2.69296
2.91831
2.81339
2.82116
3.05004
2.87364
3.17467
3.1038
3.06472
2.58823
2.66214
2.9681
3.06192
2.51444
3.06341
2.6539
2.84208
3.06726
2.9169
3.22364
3.17441
2.85524
3.13457
2.43199
2.3386
2.91677
2.33065
2.97208
3.06878
2.97075
3.19868
2.90591
3.07853
2.58727
3.1533
2.95593
3.23885
2.45423
3.38525
2.70335
2.92218
2.36357
2.86932
3.51197
2.89315
3.13212
2.93335
2.61763
3.15724
2.69498
2.90309
3.19117
2.27774
2.85852
2.9596
2.41394
2.65923
3.06705
2.48926
2.69266
2.86045
3.16263
2.74109
3.09349
2.82336
2.51123
2.90188
3.35222
2.77
2.87947
2.40104
2.83462
2.7263
3.17474
3.14632
2.85575
2.48664
2.52258
3.06447
2.74534
3.22553
2.83192
3.17641
2.53157
2.34248
2.8319
2.83839
2.6432
3.2317
2.97401
2.82913
2.55357
2.98368
3.09546
2.24255
2.72446
2.99497
3.2717
2.96364
2.85766
2.87106
3.16446
2.99287
2.47911
3.60351
2.96031
3.15022
3.0372
3.10791
2.88891
2.86909
2.79797
2.45171
3.0397
3.35667
2.83261
2.90396
3.07382
2.61316
2.76804
2.8498
2.3785
2.82136
2.51115
2.95901
2.97043
2.65304
2.72748
2.84059
2.78774
2.58533
3.14982
2.92911
2.55352
2.63218
3.15262
3.2743
2.80899
3.13743
2.6148
3.31903
2.52089
3.08611
3.00225
2.72962
3.3713
2.58363
3.12808
3.41557
3.17219
2.65659
2.66672
2.92078
2.68773
3.07545
2.67057
2.59421
3.06059
2.64698
2.61078
2.7105
2.51514
2.72059
2.52778
2.97045
3.34634
2.72761
2.55177
2.84777
2.9526
2.72483
2.77946
2.65676
2.56432
3.26714
2.6307
2.9145
3.04606
2.68447
2.75657
2.66811
2.99161
2.85293
3.19553
2.83914
3.0235
2.86488
3.10017
3.07427
3.30451
2.62492
2.95
2.53668
2.96242
3.22046
2.78402
2.93301
2.98975
2.9872
3.46461
2.78405
3.11385
3.03675
2.76376
2.83103
3.10872
3.28149
3.43251
2.64989
2.77255
2.64433
2.80977
2.88653
2.61573
2.76422
2.95185
2.79238
3.01698
2.95352
2.78281
3.35157
3.04507
2.89533
3.09161
2.98608
2.88619
2.71458
2.63656
2.85364
2.54418
3.19324
2.75085
3.17464
3.19523
2.9402
2.69588
2.95446
3.37308
2.94141
3.0739
2.98622
2.99573
2.79612
3.27563
2.43499
2.64104
3.05311
2.63724
2.79129
3.6797
2.86787
2.60923
2.70281
3.09761
2.68769
2.91939
2.78117
3.1268
2.8702
2.81497
2.41551
3.07849
2.67201
3.29066
2.86925
2.96939
3.15745
2.95088
3.26539
2.88185
2.98876
2.8231
2.92666
2.62815
2.82584
2.72237
2.953
3.30462
3.51882
2.7101
2.49215
2.97776
2.67463
2.62214
2.65973
3.0952
3.18823
2.70917
2.47243
2.35918
3.0373
3.07278
2.66337
2.40852
3.31009
2.98523
2.77214
3.03222
3.05158
3.11069
2.75278
2.86603
2.74534
2.69289
2.76869
3.31488
3.42002
2.65188
3.04025
3.30668
2.92989
2.89202
2.71136
3.33737
2.41436
3.01342
3.14854
2.93841
2.57202
3.24862
2.77462
3.07192
2.93039
3.08604
2.85919
2.78959
2.93616
2.55439
2.73239
3.51112
2.93876
2.99295
3.18143
2.73807
2.77028
3.26797
2.9203
3.03942
2.73009
2.65175
3.021
2.83896
2.65653
2.79557
3.04464
3.17193
2.93532
2.90157
3.03913
2.99265
2.73906
2.74206
2.65834
2.78853
2.54214
3.22688
2.87869
2.7802
2.78029
2.88578
2.72819
3.00471
2.88374
3.02056
2.74435
2.59521
2.82521
2.94389
2.86939
3.16176
2.92407
3.00317
3.015
2.81668
2.88349
2.72866
2.73125
3.33073
2.60316
3.23454
2.88342
2.8671
2.72759
2.68593
2.36588
2.81285
3.2376
2.9743
3.00212
3.07568
3.17424
2.74946
2.79999
2.37952
3.47664
3.02788
2.81098
2.92808
3.09299
3.23435
2.84773
2.75964
3.117
2.83212
2.71913
2.62043
2.98915
2.6494
3.18299
2.68836
3.03287
2.80657
3.21694
2.8518
2.51618
2.90951
3.05869
2.94886
2.49196
3.06008
2.80062
3.13415
2.41524
2.7018
2.93721
2.3994
2.82933
2.61095
3.10809
2.6775
2.67585
2.94117
2.71224
3.35582
2.86375
2.68357
2.76038
3.14737
2.9851
3.13098
3.26496
2.69144
2.91082
3.07911
2.58603
2.35785
2.6115
3.2602
3.12743
2.70503
3.33558
3.302
2.85061
2.94483
2.96014
2.52164
3.15725
2.40798
3.17797
2.66625
2.59044
2.9808
3.25934
2.52077
3.03783
2.97633
2.74009
2.97293
2.75314
3.0686
2.81825
2.7406
2.76993
2.82771
2.79202
2.57994
3.14621
3.06132
2.87068
3.40563
2.98086
2.85331
3.02704
2.8777
2.89361
2.73884
2.66501
3.01343
3.02415
3.01958
2.64754
2.9316
2.9167
2.96001
2.97128
3.09509
2.7037
2.65979
3.21145
3.2171
3.01193
2.82158
3.03777
2.33248
3.05952
2.78216
2.32071
2.90089
3.73119
2.8608
2.76642
2.99315
2.6704
2.77701
3.00349
2.58306
3.13381
2.778
3.38705
3.01557
3.18827
2.95828
2.80758
2.95622
3.04548
3.24996
3.0329
3.25799
2.77376
2.85618
2.8769
3.03145
2.94819
3.01552
2.76221
2.98313
3.06126
2.70219
2.62038
2.63285
2.60362
2.87774
2.49727
2.89099
2.52878
2.91653
2.6843
3.13923
3.06072
2.94659
2.92805
3.06082
2.98934
2.82212
3.08639
2.84541
3.2703
2.90265
2.73132
2.84082
3.15811
2.48196
2.82621
2.51192
2.64201
3.01086
3.24703
2.75458
3.13975
2.7554
2.79568
3.00419
2.82171
2.85715
3.06107
2.79834
2.85292
2.92059
2.60408
2.94854
2.72091
3.12244
3.13255
2.58784
2.9612
2.63524
2.71541
2.19208
2.5394
2.90286
2.79602
2.69107
2.83351
3.10887
2.45139
2.72545
3.19957
2.60374
3.27895
3.13084
2.89211
2.92966
2.60179
2.65513
3.29368
2.86237
2.68591
2.85605
2.58455
2.83426
2.73592
3.21756
3.103
2.86534
2.5762
3.14071
2.94393
2.72941
2.7139
2.96923
2.96765
2.94884
2.39865
2.93811
2.87188
2.65517
2.55402
3.14143
3.06127
2.96071
2.78444
2.87325
3.1101
2.91911
3.38283
3.168
3.01543
2.55702
3.03235
3.14153
2.72078
2.72161
2.8024
2.61671
2.85798
2.94063
2.91929
2.8436
2.95917
3.20305
2.76135
2.96223
2.69114
3.03148
2.97962
2.60718
2.69777
2.87213
3.01241
2.80679
3.17432
2.59808
2.86912
2.69491
2.98124
2.47488
3.33491
2.77942
2.68401
3.14175
2.52654
2.62607
3.10302
3.14543
2.79251
2.59712
3.02154
2.46726
3.11437
3.21798
2.87065
3.11625
2.81467
2.82197
2.97466
2.59925
2.82345
2.66281
2.88106
3.22715
3.06468
2.75724
2.83211
2.45576
2.59581
2.91637
2.89133
2.9474
2.85537
2.88001
2.84857
2.81937
3.39444
2.44203
2.97197
2.7143
3.35341
2.81625
2.8724
2.97673
3.13259
2.64398
2.49049
2.40224
2.88178
2.74094
2.54502
3.10622
2.75534
3.05006
2.61605
2.8901
2.87501
2.21579
2.87519
2.62265
2.59583
2.87452
2.68791
2.91172
3.03094
2.59933
2.94691
2.34756
2.99925
2.95307
2.93813
3.35396
2.68884
2.91167
2.58972
3.1492
3.29819
3.02437
2.77354
2.6565
2.5341
2.99651
3.19363
3.20771
2.9794
2.99799
2.9147
2.68254
2.8868
2.67026
3.12929
3.09491
2.65354
2.34668
2.54097
2.59166
2.58555
2.5508
2.91854
3.40566
2.97034
2.92588
2.94094
2.91294
3.11156
2.96728
3.0093
2.74755
3.00601
2.51586
3.17952
2.99823
3.32801
2.76626
2.55702
2.67374
2.87797
2.87775
2.8994
3.09202
2.72718
3.05879
3.1905
2.58614
2.82566
3.10384
2.6369
2.75574
2.89847
2.95875
2.67531
2.86488
2.82908
3.04302
2.66448
2.70946
2.84887
2.49178
3.11253
2.83725
3.03469
3.0021
2.77271
2.88485
3.11011
2.76483
2.85516
3.02538
2.49438
3.05457
2.33405
3.08304
2.90285
2.74799
2.72179
2.7366
3.11083
2.68165
3.09267
2.36925
2.561
3.25518
2.80664
2.77954
2.80949
2.82872
2.57394
2.79783
2.64433
2.71632
2.65629
2.76742
3.00237
2.95804
3.24747
2.93782
2.73977
2.64231
3.00196
2.64365
2.74779
2.90206
2.70494
3.00591
3.18148
2.77504
2.75271
2.64442
3.09757
2.75588
2.89533
2.917
2.55395
3.07079
3.19161
2.52846
2.89779
2.54651
2.48448
2.11956
2.698
3.07693
2.7467
2.99169
3.03387
2.72445
2.74762
3.13884
2.27311
2.7612
3.21302
2.83149
2.60436
2.97836
2.85898
2.65359
2.87119
2.63291
2.72611
3.12887
3.17134
2.88867
2.77654
3.46356
2.89261
2.86088
2.82734
2.89705
2.66614
3.52195
2.82053
2.77578
2.85401
2.92522
3.0811
2.751
3.17149
2.63556
2.86087
2.7225
2.22514
2.46077
2.63144
2.74038
2.76451
3.16037
2.72501
2.87942
3.43921
3.01725
2.79678
2.83123
3.16446
2.58753
2.74876
2.87038
2.6113
3.474
2.5389
3.06618
2.76659
2.77839
2.75947
3.16536
3.0328
2.87306
2.67602
2.8729
2.79697
3.21432
3.02907
2.65496
2.9778
2.85725
2.96577
3.00855
2.84541
2.89222
2.92305
2.5193
3.16961
2.74557
2.29104
2.56213
2.57776
2.79603
2.58127
2.82211
2.33914
3.02271
2.88256
2.92024
2.53805
3.15144
2.98626
2.73035
2.88854
2.84152
2.24772
2.9447
2.94762
3.04336
3.29441
2.88145
2.65629
2.86431
2.90767
3.26713
2.63882
2.86192
2.99585
2.69401
2.77021
2.77427
3.05536
2.76311
2.82264
2.82487
2.90555
2.94683
2.82437
2.56412
3.02857
3.01844
2.79013
3.16137
3.10195
2.60316
2.62277
2.96539
2.62941
3.17732
3.0505
3.3084
2.67158
3.11363
2.94113
2.59761
2.96896
3.12166
3.07341
2.56329
2.92084
2.89193
2.61315
2.64367
2.83946
2.5577
3.11912
3.03515
3.32424
2.91097
2.68184
3.24256
2.74688
2.92571
2.38915
3.15046
2.82535
3.14241
3.09751
2.97845
2.83865
3.23724
3.15284
2.85432
3.06075
3.37493
2.32249
2.89097
3.21217
2.75303
2.65714
2.80043
3.29639
2.73824
2.76039
3.26995
2.46224
2.81552
3.15717
2.89112
2.82451
2.68449
3.24931
3.02564
2.67784
2.95005
3.28872
2.68853
2.71818
2.84128
2.76187
3.14108
2.96215
2.61287
2.64312
2.75804
3.06216
3.1389
3.03052
2.31341
2.70992
3.20936
3.03965
2.98045
2.39612
2.97361
2.99184
3.14284
2.64043
3.15006
2.4384
2.88062
2.83766
2.77153
2.07867
2.99378
2.7792
2.92423
2.45415
2.54363
2.9559
2.92268
3.07504
2.92559
3.23128
2.74885
2.7852
3.11286
2.8147
2.77076
2.91587
2.97734
2.92391
3.01309
2.63662
2.73963
3.07064
3.16359
2.87259
3.09973
2.81666
2.92464
3.14415
2.66334
2.82289
2.68506
3.03468
2.97756
2.92092
2.86882
3.00289
3.36194
2.48305
2.79315
2.62882
2.90348
2.54182
2.98275
2.52896
2.79132
2.90049
2.67882
2.38255
2.98196
2.62038
3.05825
3.01941
3.12585
2.59756
2.84724
2.91047
3.08149
2.27339
3.00554
2.73201
2.94704
2.75317
2.80141
3.19322
2.49658
2.53353
2.46322
2.9008
3.02847
3.14501
2.72558
2.82272
2.72744
2.45644
3.28867
2.37323
2.6673
2.40566
2.4892
3.10863
2.63212
3.24468
2.81366
3.08828
3.0091
2.46656
2.44902
3.58897
2.76784
2.53954
2.85935
3.02391
3.03461
2.92382
2.74162
2.79829
2.7425
3.0403
2.95464
2.9067
2.96879
3.31491
3.00077
2.87379
2.95962
3.03246
2.65205
3.04565
2.84683
2.86364
2.98095
3.05378
2.84234
3.04592
2.39504
3.15008
2.40886
2.84484
2.95709
2.77647
2.93715
3.09414
3.12121
3.23714
2.529
2.98613
3.13068
3.13353
2.90808
2.98262
2.82029
3.35363
2.65195
3.21204
2.69945
2.9313
2.8303
2.56455
2.5497
3.19859
2.55239
2.80801
2.70206
2.93363
2.37729
2.93037
2.80778
2.95619
3.0545
2.68901
3.19935
2.94697
2.90485
3.24578
2.79439
3.16395
2.78926
3.31912
2.7427
3.05675
2.66853
2.69581
2.68967
2.92195
2.96751
2.78951
3.03212
2.8443
2.74814
2.79638
2.49866
2.45763
2.54253
2.67927
3.00723
2.93666
2.68202
3.51348
2.87835
3.07707
2.56789
2.83287
2.68203
2.99158
3.08519
2.99666
3.36109
2.73335
2.81534
2.84051
3.12635
2.93191
2.83223
2.92226
2.7685
3.14577
2.94758
3.00908
2.07583
3.06265
2.8558
3.41894
2.7748
3.07889
3.02288
2.51634
2.70715
3.18169
3.24425
2.34813
3.06912
2.99611
2.76518
3.15054
2.79229
2.79373
2.86058
2.48135
2.48323
2.61693
2.67923
2.80077
2.8393
2.93972
2.67586
2.646
3.0089
3.01704
2.37383
3.00916
3.14641
2.79446
2.93524
2.96232
3.03016
3.1519
2.97623
2.61035
2.76831
2.49306
2.43717
2.73698
2.67745
2.25246
2.84617
2.88622
3.03464
2.87272
2.88757
2.99126
2.5336
2.9733
2.79023
3.02737
2.8967
2.72404
2.70041
2.97397
3.02174
2.66184
2.87924
2.76143
2.79308
2.89901
3.36546
2.98302
3.01797
2.38697
2.46612
3.40065
3.03428
2.76362
2.60015
3.47132
2.60488
2.52475
2.76033
2.80883
2.81327
2.6041
2.9682
2.81049
2.64076
2.90086
2.86551
2.59901
3.11098
2.7177
3.25428
2.50681
2.80964
3.02535
3.26118
2.94986
3.1931
3.64461
2.7733
2.59552
2.92559
2.62166
2.51419
3.10109
3.0202
3.26082
2.53789
2.87678
3.22356
3.10675
2.98565
2.74019
3.10157
2.62204
2.74899
2.89586
2.75098
2.97474
3.02312
3.32973
3.21061
2.78543
2.94693
2.67753
3.33282
2.50957
3.21116
3.19611
2.57011
2.59348
3.53387
3.10406
3.3349
3.03099
3.41891
2.68414
2.93874
2.82987
3.32812
2.76009
2.46101
2.9453
2.62008
2.18266
3.05666
3.04539
2.93275
2.93146
3.28563
3.32531
2.65332
3.16559
2.61618
2.69379
3.07897
2.98199
3.39566
2.71227
2.92249
3.24787
2.81531
3.06138
3.08277
2.61212
3.2185
3.25931
2.64481
2.96577
2.23764
2.43686
2.80965
3.18393
2.9556
2.43791
2.9226
2.99077
2.9417
3.05566
2.68979
2.78644
3.26523
2.96387
2.92954
2.79067
2.79581
2.96646
2.63863
2.51957
2.782
2.43585
2.79314
3.23159
2.81976
2.49436
2.7924
3.28552
2.49724
2.7342
2.7415
3.05925
2.89837
2.89747
3.01177
3.10407
2.99718
2.71198
2.71009
3.16317
3.06897
2.94554
2.9202
3.13071
2.75478
2.56246
2.63099
2.73726
2.63846
2.81231
2.79613
2.82782
3.16065
2.63668
2.37637
2.79893
2.59264
3.01376
2.58119
2.96388
2.73079
2.97778
2.94737
3.3628
3.2757
3.09636
2.86064
2.86269
2.5794
3.10117
3.183
2.72706
2.91439
2.98846
3.00364
2.5434
3.17569
2.82217
2.80915
3.06972
2.85943
3.02201
2.96483
3.10028
2.99954
2.87767
3.16939
2.66962
2.73683
3.134
2.73515
2.38266
3.15789
2.73695
3.09412
3.02723
2.46699
2.91214
2.56084
2.64644
2.56066
2.59679
2.66848
3.10897
3.09508
2.89423
2.21333
3.21985
3.10345
2.60753
3.62395
2.78149
3.33869
3.20144
2.92461
2.62912
3.15562
3.04586
3.00231
2.87527
3.11113
2.71121
2.61735
2.77327
2.86849
3.05907
2.42451
2.64327
2.89791
2.54748
2.87686
2.98449
2.73321
2.87397
3.12258
2.75635
2.80928
2.34015
2.97969
3.2472
2.80413
3.10453
2.86989
2.8128
2.63807
2.98621
2.96358
2.91026
2.99894
3.16761
2.68208
3.32639
3.12062
2.39134
2.41358
2.98712
2.67151
2.92798
2.92449
2.94855
3.33571
2.61219
2.69676
2.98069
2.87097
3.21809
3.03438
2.60071
2.71903
2.84861
3.03473
2.79768
2.97449
2.56377
2.94023
2.84091
2.94949
2.74043
2.55622
2.95967
3.07763
3.35057
2.74024
3.0609
2.54868
2.50072
3.11576
2.65666
3.1226
2.94749
2.6689
3.36344
2.55475
2.94876
3.19612
2.71611
2.97169
3.25478
2.91267
3.18694
2.9148
3.01332
2.77006
2.82228
3.44658
2.71663
3.48833
2.68783
2.553
2.37554
2.85723
2.46184
2.72345
2.58714
2.46983
2.6657
3.12222
3.01087
3.04546
3.41483
2.96299
2.95311
2.81156
2.99162
2.77326
2.80568
2.79774
3.30731
2.85693
3.13918
2.9315
3.07634
3.17899
3.11881
3.12007
2.87322
2.72723
2.86193
3.19678
2.88195
2.86022
2.43945
3.20013
2.53883
2.77638
3.04013
2.99224
2.98513
2.76085
2.96433
2.76603
2.70244
2.79835
2.46381
3.10302
3.33763
3.07874
2.79113
2.96281
2.876
2.8747
2.78226
2.87968
3.22071
2.67958
2.99483
3.13582
2.80612
2.99019
2.85421
2.92576
2.88223
2.92705
2.85034
3.032
2.66921
2.51115
2.34342
3.00718
2.90979
2.71417
2.79882
2.65226
2.58423
3.29615
2.97956
3.25984
2.8479
3.25968
2.79374
3.2689
2.99076
2.46311
2.79252
3.09171
2.54058
2.97037
2.92638
2.73862
2.49538
3.21541
2.77852
3.11555
3.0117
2.66966
2.90411
3.41679
2.89752
2.70028
2.75554
2.87609
3.15867
2.9553
2.43415
3.03609
3.28331
2.87402
3.26104
2.82972
2.74936
2.52929
2.80808
2.83953
3.19762
2.69774
3.13047
3.09308
3.18933
2.85486
3.08708
3.25833
2.78189
2.98429
3.13373
3.07127
2.82149
2.87535
2.9364
3.1448
2.86606
2.88778
2.79888
2.89013
2.44749
2.61276
2.60417
2.90593
2.69938
2.70685
2.72477
2.97406
3.06274
3.10311
3.05717
3.07034
3.18933
3.1038
3.13799
2.80525
3.02583
2.34977
2.91033
2.9677
2.68644
2.35754
3.29227
2.90423
2.55824
3.2544
2.57406
2.8171
2.93415
3.17876
2.70985
3.10558
2.82874
3.35716
3.15356
2.58728
2.45626
3.15041
2.86407
2.81061
2.61328
2.62665
2.86565
2.84923
2.87927
2.48764
2.84919
2.69029
2.60385
3.37522
2.57907
2.69544
2.98445
2.82431
2.89008
2.58196
2.84091
2.73523
2.782
3.13301
2.69649
2.98291
2.52771
2.62597
3.0913
2.99184
2.61984
2.69405
2.81165
2.86464
2.77708
3.13691
2.91043
2.64197
2.42797
2.92215
2.48165
3.11973
2.69822
3.35657
2.70837
3.04859
2.93158
3.18947
3.03165
2.84206
3.12154
2.92547
2.56428
2.79172
3.09604
2.4716
2.7139
3.03852
2.87657
2.7249
3.21088
2.21236
3.25745
2.85505
2.76388
3.41024
2.70383
2.70316
2.4981
2.33793
2.89526
2.51058
2.659
2.93618
2.80634
2.71072
2.98323
2.82349
2.95689
3.08473
2.87753
2.91868
2.8731
3.05597
2.96533
2.98119
2.91047
3.46653
2.99399
2.9457
2.8252
2.94019
3.29953
2.60868
2.34763
3.00389
2.97266
2.85781
3.19
3.00061
3.00006
2.64099
2.94561
2.97592
2.98826
2.67284
2.80432
2.34189
3.19407
2.94533
2.81289
2.63871
2.73371
3.06348
2.91505
2.8631
2.36741
2.73449
2.93318
3.05297
2.92669
2.94627
2.65981
2.74022
2.63905
2.83473
2.86678
2.39531
2.64658
2.94094
2.9051
2.80332
3.11598
3.20662
2.90092
2.74609
2.84396
2.95932
2.72939
2.78821
2.65742
3.02518
2.57443
2.76925
2.31417
3.08696
2.87438
2.84695
2.2146
2.75571
2.95547
2.70312
3.22371
2.76228
3.11698
2.70443
2.80128
2.82759
2.68532
2.67523
2.78425
3.04509
3.27854
2.7561
3.45617
3.12652
2.972
2.69187
3.18328
2.85565
3.01481
2.89327
2.85046
3.20044
3.13076
2.67726
3.16552
3.02289
2.68921
2.92868
2.56856
3.23238
2.87439
2.6631
2.38417
3.02671
2.43964
3.00744
2.8923
2.58169
3.24002
2.70869
2.93109
2.89627
2.81776
2.83278
2.62635
3.05632
2.88924
2.80946
2.68496
2.68486
2.72416
2.98843
3.07157
3.3034
3.13169
2.66994
3.00211
3.03369
2.97669
3.09431
2.85389
2.77206
2.60464
2.74147
3.07092
3.04235
3.0843
2.91852
2.51519
2.95368
3.14878
3.15177
3.07616
2.85822
3.38616
2.80668
2.85005
2.75354
2.70997
2.89205
2.85323
2.93163
3.25795
2.78703
2.9224
2.5791
3.02518
2.52906
2.65648
2.88346
2.94074
2.63117
2.829
2.78284
2.7505
2.65138
3.22844
2.85454
2.98667
2.93192
2.70471
2.99419
2.86408
2.88134
3.03202
2.84744
3.02142
2.59981
2.58032
2.31959
2.54662
2.92486
2.43557
3.21895
3.2819
2.63138
3.03655
2.45238
2.81923
2.72237
3.34977
2.66536
3.03358
3.01048
2.84557
2.86556
2.80316
3.08494
2.3918
2.8657
3.06
3.27485
2.80067
2.80795
2.70587
2.8411
2.87515
2.77165
2.8887
2.95264
2.8625
2.95818
2.8722
2.9763
3.25828
2.95973
3.00619
2.7977
2.70829
2.6571
3.1227
2.71683
2.6783
3.11353
2.89815
2.73517
2.69256
2.60423
2.83965
2.85968
3.0153
2.98845
2.42199
2.6767
2.4412
2.9509
3.09833
2.49553
2.62201
2.96237
3.15639
2.84628
3.01755
2.4196
2.87495
2.71559
2.97632
2.31318
2.75566
2.59391
2.66182
2.76001
3.17617
2.80593
3.16332
3.04415
2.82738
2.87178
3.07734
3.06201
2.48563
2.93085
3.08698
3.14876
2.6261
3.00286
2.74423
2.96736
2.70825
2.78632
2.88391
2.92385
2.77186
3.2597
2.94422
3.00936
3.16549
3.12921
2.67557
3.35625
2.77294
2.79067
2.58252
3.31967
3.01868
2.91917
3.12092
2.97357
2.95205
2.9469
2.67718
2.27506
2.30619
2.51846
3.32078
2.59206
2.47959
2.81522
2.925
2.99932
3.04436
3.16571
3.17817
2.74838
2.5739
2.86046
3.06417
2.83967
3.30514
2.83908
3.0263
2.50868
2.94269
2.92604
2.5115
3.04544
3.03276
2.70719
2.68025
3.04454
2.97558
3.07918
3.24394
3.30487
2.97409
2.78227
2.83455
2.65323
2.92232
3.14663
2.63088
2.71682
3.08982
3.3125
2.90164
2.90364
2.95334
3.20636
3.0012
2.86231
3.16348
3.05825
2.83128
2.7632
2.45818
2.59239
3.04876
2.69596
3.06488
2.89687
3.23464
2.67733
2.85665
2.99967
3.04712
3.01022
3.29907
2.9641
2.52434
3.11851
2.60753
3.11616
2.87052
2.61166
2.42434
2.97983
3.16022
2.60847
3.0247
3.01769
2.84554
2.60242
2.77703
2.50375
2.8476
3.04353
2.65432
3.46472
3.08462
2.67801
2.84754
3.00739
2.65721
2.7059
2.81672
2.85629
2.42839
2.63734
2.87647
2.60925
2.69863
3.15984
2.87571
2.85988
3.1126
2.92245
2.93238
2.90744
2.57457
2.75938
3.05872
2.54107
2.83188
2.71048
2.53722
2.69971
3.09132
2.72199
3.01499
3.15221
2.47459
2.8114
2.92619
3.12672
2.88365
2.76876
2.95532
3.36371
3.14031
2.88477
3.01128
3.32249
2.80213
3.01362
2.997
3.21265
2.84918
2.77618
2.87621
2.88578
2.58698
2.58697
3.06162
3.08253
2.77609
2.96234
2.8125
3.06216
2.92495
2.76557
2.48178
2.83845
2.90826
2.54602
2.69061
3.37558
2.6376
2.58906
3.36039
2.82506
3.21844
3.03029
2.79049
3.12282
2.75104
2.94817
2.70854
2.64935
2.93935
2.89289
2.81658
2.59865
3.15357
3.17311
2.64246
3.13548
2.74432
3.14603
2.96738
2.76136
2.67802
2.88575
2.75777
2.9596
3.1536
2.60683
2.77917
2.87757
2.74521
2.51801
2.45688
3.09782
3.05198
3.06561
2.57838
2.6957
2.78563
3.44822
3.16381
2.84928
3.0303
2.99464
3.01816
2.74026
2.81151
2.70126
2.71554
2.53069
2.72588
2.71161
2.61563
2.60687
3.21269
2.48282
2.96418
3.2481
2.63339
3.16041
3.09975
2.84824
3.2433
3.25769
3.0258
2.63843
3.0386
3.13891
2.92769
3.50393
2.98482
2.85724
2.94131
2.97811
3.23575
2.55509
3.15151
3.1341
2.89564
3.2095
3.05222
3.29385
3.17592
3.07018
2.59494
2.94577
2.77393
2.90668
2.76182
3.07379
2.82303
2.56452
2.80915
3.19459
3.2938
3.0028
2.63177
3.17272
2.63305
2.99886
2.66857
2.31061
2.80874
2.60528
2.59971
3.19437
2.63207
3.06008
2.74697
2.44254
3.17562
2.60817
2.92073
2.80594
3.32495
3.21191
2.70152
2.8973
2.98945
2.39958
2.99916
2.93382
2.85325
2.5129
3.27319
3.20132
3.14581
3.03431
3.11262
2.9582
2.56186
2.8649
3.2179
2.261
3.12765
2.77027
2.53083
2.36123
3.05663
2.46049
2.88706
3.12708
2.76286
2.69984
2.61902
2.5864
2.64064
2.89325
3.13103
2.80059
3.46336
3.38361
2.9531
2.80293
2.55039
2.46276
2.59787
2.60669
2.80061
3.25656
2.69442
2.50449
3.12449
2.62825
2.64383
2.97558
3.42571
2.36728
2.65246
3.02075
3.27192
3.05289
3.02199
3.33973
3.25166
2.8048
2.79851
2.61028
2.99978
2.84493
3.20044
3.31864
2.40848
3.22203
2.58592
2.38064
2.59799
2.85528
2.7761
2.86425
2.61628
2.93337
3.09451
2.82889
2.93584
2.85062
3.14531
2.73881
2.62551
3.20164
2.99732
2.87397
3.03289
3.0912
2.85257
2.84188
3.13101
2.32111
2.85237
2.82202
2.64435
2.56336
3.14185
2.75049
2.33067
3.04091
2.84647
3.10196
2.45921
3.11362
3.03237
2.93581
2.67871
2.77054
3.20293
2.53885
2.78395
2.99673
3.10396
2.87213
3.4341
2.61782
2.93924
2.80355
2.90981
3.00868
3.02541
2.72191
2.54421
3.02492
2.9524
2.70997
2.83883
2.83187
2.7197
2.60287
2.89924
2.72163
3.19797
2.47607
2.6556
2.64247
3.18035
3.17356
3.09127
3.0126
2.91258
3.2796
2.92097
3.04105
3.00278
2.91805
3.05017
2.67299
3.09159
3.09782
2.80023
3.16422
3.00682
3.32496
2.9762
2.72164
3.0037
2.79277
2.97475
2.99453
2.89114
3.34814
3.19029
2.9569
2.88798
2.71508
2.41775
2.80007
2.94905
2.86425
2.90387
2.96966
3.33505
2.84268
3.08386
2.97804
3.49075
3.03717
2.84516
2.92944
2.70016
2.91816
3.11741
2.66814
2.98752
2.61844
3.05924
2.71979
3.09342
2.83877
3.09991
2.96394
2.77144
3.04562
3.13046
3.15891
2.87198
3.30268
2.84188
3.16357
3.08604
2.70412
2.64815
2.69473
2.82246
2.76965
2.82758
2.8671
2.66321
3.19824
2.34521
2.86823
3.23293
2.72503
2.92125
2.7285
2.8245
2.73233
2.68884
2.76193
2.75822
2.88371
3.34415
2.53933
2.6634
2.73858
2.80796
2.99757
2.80388
2.69024
2.36743
2.56037
2.91046
2.66119
3.11288
2.80161
2.56343
3.27953
2.72972
3.01891
2.72017
2.82846
3.00116
2.78072
2.92205
2.99406
2.89357
2.98804
2.99566
2.89883
2.92667
3.02505
3.16687
2.87526
3.08459
3.36302
2.70921
3.14849
2.80105
3.2856
2.75114
2.73931
2.83496
3.11095
3.08494
2.53879
3.37644
2.7192
3.11711
3.0484
2.6951
3.06311
2.7957
2.93338
2.7334
2.69378
2.86977
2.67237
3.00427
2.96944
2.67412
2.42393
2.71543
2.55787
2.74465
2.98359
3.24427
3.12466
2.69463
2.55631
2.66645
3.12969
2.83397
2.91637
2.59799
3.02768
2.83545
2.78153
2.88617
3.1785
2.71707
2.67575
3.13666
2.98466
2.66006
2.65221
2.61415
3.01375
3.29608
2.89528
2.61031
2.64951
2.53297
2.82432
3.18409
3.05293
3.07357
2.56826
2.84395
2.955
2.90815
2.83618
3.09562
2.40957
3.12481
3.21801
2.977
2.80972
2.20914
2.98241
2.80289
2.4702
2.55817
2.65834
2.72924
3.20828
3.12373
3.00413
2.7869
2.66198
3.09239
3.27941
2.63863
3.10858
2.13055
2.70711
2.56838
2.90094
2.9255
2.86196
2.77471
2.62624
2.80059
2.81063
3.18996
2.95937
2.79927
2.91157
2.69886
2.90513
2.95694
2.80642
3.12414
2.74195
2.79762
2.65176
2.76715
3.39096
2.2886
2.95908
3.17225
2.75814
2.56546
2.58259
3.47543
3.30432
2.82266
3.12083
2.80176
3.13834
2.67137
2.69326
2.7576
3.03391
2.55247
3.03122
3.00455
2.82906
2.85117
2.53269
2.91635
3.02253
2.87083
2.8377
2.9703
3.12018
2.88784
2.79345
2.88918
3.33228
2.83896
2.96929
2.5668
2.84333
2.85279
3.1011
2.90106
2.54273
2.86567
2.79223
2.83048
3.20653
2.76663
2.88077
2.93147
2.82539
2.91119
3.2268
2.81317
2.58506
2.94116
2.73217
2.61308
3.05127
2.90876
2.82806
2.98354
2.84533
2.76602
2.68241
2.42902
2.79659
3.05557
2.77948
3.00962
2.60761
2.80791
3.12196
2.85359
2.60203
2.4029
3.00697
2.82225
2.96887
3.09024
2.97626
2.73623
2.86239
2.60278
3.11076
2.77773
2.74731
2.55874
2.53004
3.04304
3.04188
3.05586
2.98668
2.48773
2.78457
3.0753
3.11853
2.79137
2.77598
2.78695
2.78796
3.19082
3.35623
2.25696
3.01477
3.64688
2.84714
2.83174
2.53237
2.24341
2.60786
2.95514
3.15731
2.88334
3.00733
3.05122
2.59439
2.52068
2.77532
2.56232
2.62299
2.32817
2.87166
3.00086
3.06321
2.77348
2.88622
2.56019
2.84166
3.02146
2.76921
2.84136
3.41248
2.98197
3.10499
2.56774
2.85044
3.08335
2.60502
2.94158
2.69144
3.25404
3.09475
3.13258
3.15997
3.05644
3.00319
2.52278
2.88622
2.94327
2.64367
2.40124
2.54415
3.22883
3.22392
3.10419
2.80552
2.73674
2.91399
3.00391
2.86199
3.02906
3.33727
2.89004
3.01492
2.82768
2.71327
3.14236
2.61246
2.85572
2.83985
3.16062
3.32674
2.90885
2.90954
2.91451
2.40729
2.79194
2.8443
3.11125
3.16496
3.11798
3.25077
3.18544
3.03664
2.99141
2.63438
2.72887
2.60999
2.57522
2.82537
2.88137
2.29993
2.88523
3.30236
2.74263
3.08174
2.26625
3.24681
2.91045
2.42062
3.09353
3.42513
3.03122
2.90407
2.94145
2.32626
2.93896
3.01103
2.96578
2.51966
2.42395
3.17503
2.79368
2.463
2.87073
2.82108
3.01883
2.95188
2.90355
3.14622
2.74542
2.74873
3.04013
2.95394
2.91269
3.04988
2.72705
2.6397
3.27182
2.75282
2.89171
2.57558
2.96574
2.57077
2.99199
2.72259
2.95803
2.85787
3.03138
2.70401
2.7353
3.03019
2.6047
3.29025
2.92566
2.44548
2.68466
2.82262
3.11359
3.03235
2.99138
2.79894
2.24122
3.11283
2.74332
3.07922
3.20621
3.58247
3.17726
2.48931
2.62614
2.74702
2.6042
2.81587
2.90593
2.64856
2.85477
2.92031
2.90646
2.90396
2.80868
3.15226
2.81393
2.88509
2.43898
3.35828
3.24319
2.65937
2.88746
2.74218
2.85146
2.29098
2.63927
2.74549
2.5
3.34985
3.1783
2.73264
2.80606
2.54612
3.03387
3.23331
2.61417
2.7233
2.67133
3.07357
3.07211
2.94263
2.2617
2.91824
2.52908
3.03587
2.83217
2.83575
3.05104
2.71789
2.66663
3.04911
2.58098
2.92144
3.08829
2.87118
2.89604
2.74249
3.12449
2.88933
3.39303
3.06982
2.87687
2.63439
2.48623
3.3907
2.72512
3.23752
2.50584
3.1247
2.85624
2.82033
2.70082
2.52702
3.18418
2.68596
2.62004
3.09037
3.08295
3.03739
2.7147
3.0389
2.82967
2.01957
2.69987
2.50685
2.73606
2.76655
2.64562
3.15574
2.80264
3.15769
2.61204
2.67532
2.73004
2.69223
2.86987
3.16293
3.1283
3.03542
3.02068
2.567
3.38972
2.71003
3.2213
2.84011
3.06649
3.2995
2.68252
2.88614
2.70768
2.57191
3.05541
2.82559
2.89738
2.65956
2.56393
2.70341
2.98262
2.87783
2.69178
3.02382
2.68209
2.62937
2.92257
2.81635
3.04676
2.91014
3.10019
2.53361
2.53588
2.49059
3.04308
2.85394
2.88863
3.06006
2.76687
3.09035
3.26968
2.93289
3.02731
2.84606
3.28207
2.94598
2.88483
2.70083
2.75133
3.2325
3.20208
2.5943
2.87074
2.6233
3.11524
2.78484
3.10207
2.71869
2.96374
3.32511
2.88656
3.15607
3.17828
2.57967
3.26897
2.8497
2.9626
2.87914
2.91005
3.09964
3.15607
2.80978
3.00893
2.59215
2.9607
3.13231
2.32939
2.90973
3.02268
2.95854
2.72892
3.06697
2.916
2.8143
2.91397
2.99842
3.15553
2.84115
2.83426
2.95504
2.73143
2.9608
2.86619
2.76738
2.76816
2.96425
2.83657
2.78835
3.17132
2.69919
2.71565
3.05522
2.4876
3.0654
2.69948
2.65437
3.06967
2.64515
3.14165
3.09757
2.90984
3.09255
2.91813
3.02778
2.98383
2.07766
2.59548
2.51481
2.88242
3.05501
2.52685
2.81578
2.52523
2.9186
2.61697
2.78498
3.24177
2.66468
2.76684
3.32573
3.04446
3.10017
2.65165
2.9086
3.23598
2.69193
2.86272
2.79477
2.61593
2.81326
2.95265
2.96838
3.09664
3.0525
2.94385
2.78561
3.28095
2.75766
2.74852
3.26626
2.94722
2.70802
2.68095
3.19179
2.8444
2.74445
2.6794
2.78843
2.7567
2.64131
2.55036
3.0485
2.72956
2.76491
2.76657
2.74585
1.79587
2.46803
2.84746
2.72535
3.11884
3.00946
3.14609
2.93911
3.04631
2.7754
2.92617
2.95262
2.88416
2.61072
3.46184
3.28164
2.81036
3.04225
2.81311
2.57072
2.50179
2.8995
3.43432
2.45298
2.96575
3.00954
3.22268
3.05419
2.52114
2.56117
2.89373
2.7726
3.17836
2.77694
3.01535
2.21531
2.74677
2.62853
2.7554
2.7882
3.38245
2.74704
3.17269
3.05082
3.35285
3.32267
2.36753
3.09049
3.20923
2.98954
2.91138
3.08643
2.51093
2.94052
2.60916
2.92154
2.682
3.11972
2.95051
2.7637
3.0316
2.37137
2.94019
2.66393
3.08376
2.73698
2.40726
2.67138
2.82563
2.97208
3.2906
3.14447
2.73113
2.8277
2.90653
2.84533
2.59165
2.58575
2.95067
2.51113
2.69481
2.82814
2.93653
3.05013
2.30294
2.52455
3.1432
2.92888
2.33083
2.7667
2.54326
2.49716
2.83605
2.96079
3.04423
3.08115
2.87777
2.75007
2.89584
2.52429
2.61541
3.08418
3.02502
2.98619
2.77376
2.74464
2.99146
2.58608
3.27894
3.22593
2.94587
3.05922
2.73204
2.64455
3.10083
2.66621
2.67932
2.50967
2.45566
2.95516
2.95025
2.53134
2.7403
2.76978
2.94033
2.9164
2.58774
2.48923
3.20141
3.16959
2.98257
2.85977
2.85382
2.65559
2.98756
2.76608
2.90552
2.71785
2.80821
3.05645
2.7357
2.69848
2.86179
2.69146
3.43987
2.65126
2.78735
2.91991
3.20718
2.78144
2.8511
2.28161
2.98964
2.7509
3.05108
2.99247
2.74131
2.70915
2.53715
2.88264
2.97558
3.01435
2.87036
2.59012
2.82738
3.15688
3.39115
2.48673
2.67141
2.80243
2.85421
2.67567
3.03136
2.89468
2.58707
2.8755
2.37706
2.86681
2.54446
3.17163
2.98702
2.56787
2.81641
2.82558
2.80845
2.68562
2.63345
2.66807
2.99543
3.22534
3.10497
2.55729
3.14502
2.92938
3.14981
2.58837
2.69038
2.86233
2.87407
2.95915
2.59816
2.90128
2.94261
3.22626
3.10318
2.9961
2.82794
2.86617
3.23987
2.78464
2.35872
2.82868
2.83676
3.24573
2.70998
2.85067
2.86807
2.84312
3.09788
3.07012
2.79989
3.41563
3.4055
2.73172
2.79057
2.91967
2.6869
3.04158
2.36302
2.66735
2.95244
3.16215
2.5385
2.45491
2.68626
2.68826
3.1172
2.95601
2.98672
2.51867
2.81548
3.11522
2.5347
3.10027
3.24084
2.55199
2.86037
2.84075
3.00535
3.20389
3.6077
3.00694
3.26812
2.85469
2.52085
2.79438
2.9159
3.04338
3.22471
3.19079
3.14499
2.6357
2.96358
2.61837
2.67909
3.12021
2.97912
3.35888
2.49635
2.5596
2.59586
2.74496
3.13687
2.7885
3.02991
2.67699
3.44158
3.04456
2.70348
3.34064
2.67273
2.75069
2.95226
2.7027
3.13422
2.64599
2.76433
3.04585
3.42544
3.04816
2.92441
2.98912
3.07932
3.09968
2.62699
2.99496
2.50317
2.64113
2.74911
2.83116
2.33829
2.49904
2.70987
2.61116
3.10319
2.68847
3.02924
3.12281
2.71656
3.10529
2.85161
2.94952
2.86959
3.32048
2.67996
2.98649
3.36254
3.17227
2.76305
2.78333
2.65232
2.85959
3.01036
2.89702
2.69464
3.31944
3.01076
2.81754
2.77137
3.2503
3.49473
3.08593
3.17398
2.85181
2.66027
2.70804
2.72938
3.04693
2.96605
3.09218
2.40187
2.84487
2.89179
2.91231
2.78579
3.24122
2.32875
2.9536
2.91857
2.94644
2.94449
3.18603
2.76495
2.91536
2.71185
3.05801
3.04015
2.93355
2.48283
2.91804
3.25301
2.53874
2.66308
2.5446
2.39644
2.9769
3.06461
3.0707
3.51291
2.77933
2.48871
2.76506
2.57028
2.89347
2.86678
2.35673
3.33702
2.51372
3.22715
2.48128
3.07574
2.99781
2.94445
2.61883
2.8388
3.02326
2.99967
3.43376
2.68013
2.48027
2.7044
3.10725
3.00266
2.97415
3.0623
2.82122
2.80346
2.87975
3.04966
3.10763
2.99718
2.86255
2.93503
2.8141
2.71672
2.79729
3.29006
2.76253
2.53889
3.0391
2.91154
2.87041
2.55657
2.99912
2.84839
2.70033
2.67274
3.13255
2.98252
2.69304
2.51243
2.90807
2.78625
2.46752
2.77323
3.40129
2.74552
3.08447
2.79599
2.99364
2.76502
2.84376
2.9918
2.93632
2.94103
2.68739
3.01456
2.94271
2.57971
3.16536
2.69864
2.87066
2.59521
3.08907
2.26275
2.63472
3.12773
2.70772
3.10636
3.15516
2.91747
2.64121
2.83709
3.14755
2.6911
2.89977
2.40931
2.72316
2.89135
3.13281
2.88955
2.64306
2.55569
2.79403
2.94734
2.76653
2.7493
2.91754
2.88902
2.74129
2.67851
2.42296
3.23784
2.71759
2.94086
3.01966
2.98097
2.80779
3.12957
2.62168
2.78228
3.00115
3.12459
2.92279
2.86102
2.34868
2.88851
2.65752
3.03413
2.50721
3.14819
2.53142
2.81124
2.8666
2.80402
2.83718
3.02367
2.8752
2.60958
2.9513
2.72598
3.089
2.93348
3.11736
2.60975
2.84744
2.87456
3.27503
2.68624
2.76737
2.17538
3.03293
2.89551
2.75604
2.77914
3.21541
2.83429
2.98658
2.81201
2.88896
2.62293
3.13573
2.90113
3.03457
2.5235
2.54342
3.04203
2.77292
2.67478
3.46872
3.04453
3.54807
3.01
3.12729
2.84295
2.97726
3.05151
2.54759
2.85255
2.89729
2.62454
2.95122
2.68203
2.87657
2.7445
2.34103
2.80402
2.7717
2.95595
3.0227
2.83574
3.04951
3.40424
2.78919
2.80973
2.51843
2.7162
3.05229
3.16925
3.14265
2.42624
2.72667
3.1145
2.93762
2.95732
3.09725
3.09024
2.95122
3.25399
2.68433
2.61179
2.80198
2.70742
2.76486
2.98179
2.69849
2.48686
3.03382
2.54137
2.9032
3.3292
2.5316
2.81477
2.71678
2.36144
2.9785
3.32207
2.79265
2.6467
3.03635
2.69701
3.20197
2.9944
2.6892
3.39628
2.92394
3.18987
2.81186
3.07168
2.96477
3.19637
3.04708
2.78173
2.78514
3.14662
2.75991
2.96816
3.23119
2.69797
2.71093
3.05134
2.60859
2.62432
2.9636
2.63517
3.33583
3.22687
3.17916
2.72474
2.55549
2.71665
2.52952
2.81765
2.81274
2.34243
2.73679
2.63122
3.19491
2.77297
2.78953
2.97901
2.90031
2.92134
2.83942
3.15528
3.49773
2.81
2.7293
3.0654
3.2065
2.97262
3.20799
2.95024
2.75266
2.75905
2.94449
2.4498
2.34419
2.92825
3.14486
3.19333
2.62707
2.9792
2.75527
3.00436
2.80637
2.7896
2.60488
2.91075
3.0618
2.58256
2.66273
2.62058
3.16835
2.81454
2.92716
2.6386
2.90173
2.94696
2.86145
2.94204
2.85411
3.1713
2.98301
2.68872
2.94537
3.22758
2.32785
2.83019
3.00277
3.23191
3.09847
2.51002
3.04987
2.99454
2.73561
2.84262
2.62969
2.95947
3.3082
2.78721
2.92365
2.76793
3.20853
3.38218
3.01709
2.67137
2.98866
2.59237
3.24796
2.6082
3.42252
3.23153
2.90476
3.21748
2.41564
2.7666
2.6255
3.61718
2.69833
2.78851
2.70529
2.44426
2.56269
2.855
2.62823
2.99647
3.16771
2.98109
3.33604
2.67377
2.59644
3.03182
2.87313
2.91583
3.11048
3.18706
2.6355
2.93505
2.80036
3.09856
3.02478
2.93658
2.25399
2.78172
2.60777
2.94702
2.62576
2.70521
2.59429
3.04224
2.84754
2.83117
3.11656
2.80694
3.13221
2.61071
3.00787
2.98501
2.56361
3.06926
2.47705
2.55248
2.93769
2.80355
3.25683
3.08135
3.11131
2.59721
2.75433
2.37203
2.97195
2.82273
2.72795
3.20658
2.82626
2.8376
3.09029
2.98951
2.86282
2.69588
3.00686
2.77025
3.18974
2.89481
3.07501
2.99273
2.61328
3.46322
2.91623
2.67773
2.77433
2.89615
2.9119
3.09715
2.92543
3.20619
2.67166
2.65599
2.61429
3.07958
3.12393
3.12015
2.94819
2.99594
2.56842
2.95601
3.16305
2.94859
2.41002
3.0481
2.94392
3.03151
2.62907
2.55405
2.44005
2.85332
2.69406
3.06394
3.02154
3.42755
2.81311
3.00777
3.04886
2.67425
2.64419
2.95336
2.78751
2.63527
2.98212
2.93478
3.14504
2.85572
3.17714
2.94062
2.61108
2.64008
2.90761
2.73791
2.89936
2.94424
2.94433
2.93462
2.59884
2.94678
2.62844
2.63936
3.17433
2.79323
3.06951
2.97427
3.16888
2.85308
3.09337
2.82025
3.1212
2.90301
3.35506
2.88444
2.93097
3.30831
2.47321
2.22516
3.17478
2.78071
3.31693
2.64038
2.51629
2.58736
2.67503
3.0311
2.9437
2.92058
2.69614
2.64486
2.65968
2.8472
2.9142
3.11683
2.79877
2.86467
2.38119
2.5493
3.22974
2.87659
3.13276
3.1405
2.84999
3.08651
3.46535
2.86797
2.95303
3.23742
2.59535
2.66961
2.69376
2.29259
2.8
3.41632
3.15626
2.63789
3.17394
2.53018
2.80989
3.00424
2.71636
2.61728
3.16504
2.86043
2.62913
3.34149
3.26892
2.61862
2.89372
2.45559
2.77276
2.83484
2.50719
2.96858
2.91058
2.57471
2.5971
2.96773
2.56583
3.19793
2.73385
2.68795
2.78525
2.85804
2.75282
2.80729
2.83194
2.70545
3.22512
2.86855
2.40434
3.18554
2.63585
2.37425
2.81174
3.09721
3.15586
2.79995
2.72516
2.91954
2.9207
2.85434
2.66087
2.73058
2.6392
2.54108
2.64859
3.08422
2.87982
2.51765
2.8882
2.44725
3.19166
2.97462
2.86689
2.54641
2.57251
3.07615
2.70644
2.81547
3.06787
2.4902
2.61667
2.93142
3.29256
3.16378
3.14451
2.82972
2.87231
2.86619
2.94203
3.27264
2.77309
2.56475
3.24207
2.70817
2.56648
2.93406
3.00747
3.21507
2.87271
2.77499
2.67785
2.8492
3.16038
2.81355
2.41713
2.85518
3.13561
2.62998
3.04342
3.09235
3.21799
2.7681
2.75181
3.04752
2.93328
2.95143
3.55613
3.09787
2.73602
3.07543
2.71922
2.77521
3.2289
2.99217
2.77688
2.98836
2.92496
2.88283
3.35653
3.00696
2.79988
2.50236
3.06233
2.8182
2.71542
3.06207
2.91404
2.92741
2.90507
3.43162
3.15143
2.74204
2.94906
3.23293
2.94171
2.67232
2.73338
2.89943
3.12542
2.56546
2.8559
3.08353
2.9196
2.97473
2.46069
3.03926
2.52409
3.40182
3.1132
2.42106
2.95054
2.72937
2.66733
2.34508
3.14499
3.18218
3.10209
2.84484
3.0055
3.22412
2.89057
2.62655
3.07014
3.1359
3.04793
3.0023
3.21475
2.45085
2.86393
2.78533
2.64082
3.09326
3.21628
2.41279
2.62963
2.59642
3.44238
2.79386
2.60335
3.04677
2.88365
2.65283
2.54659
3.00069
2.36911
2.84676
2.68684
2.74882
2.9014
3.36087
2.17949
3.14491
3.11767
3.21774
2.87973
2.69288
2.70917
2.85189
2.84158
2.65976
3.48582
3.22242
2.8582
2.8597
2.66859
2.71668
2.32479
2.70644
3.15327
2.81136
2.77373
2.68677
3.04939
2.74235
2.72478
2.72288
2.9515
2.71159
3.04808
2.73203
3.18459
2.29031
3.04797
2.57124
3.16372
2.88677
2.95585
3.16513
2.86857
2.8028
2.77721
3.02757
3.10561
2.98991
3.09483
3.13912
2.66999
2.74955
2.88032
2.91025
3.5108
2.76417
2.74373
2.7918
3.12687
2.91169
3.07025
2.90567
3.12458
2.74365
2.50521
2.77339
3.13721
2.56039
2.56648
2.79903
2.73123
2.79308
2.58556
2.99264
3.05814
3.10701
3.06096
2.46409
2.82105
3.08925
2.85419
2.9566
3.19226
2.6672
3.24469
2.89118
3.02394
2.99713
2.96931
2.51521
2.91252
2.99781
3.16391
3.11298
2.70373
2.80929
3.15922
3.0391
2.97896
2.96374
3.01283
3.37774
3.28205
2.65332
2.54632
2.91291
2.94681
2.83033
2.94572
2.93064
2.91394
2.96873
2.94996
2.69939
2.62585
2.79133
2.67131
3.17018
3.16709
2.85763
2.53508
3.19085
3.03628
2.96028
2.67644
2.90981
2.85067
2.9729
2.76512
2.94216
2.90419
2.86348
2.64919
2.42789
3.0562
2.7346
2.58564
3.0075
3.01024
3.12385
2.9553
2.98004
3.2897
3.00742
2.65366
2.92355
3.175
2.70106
2.73274
3.03285
2.97072
2.76966
2.95904
2.76405
3.04328
2.84812
2.53057
2.80213
3.03881
2.74114
3.14855
2.85425
3.06836
2.81934
3.02501
3.05072
3.16519
2.72113
2.79088
3.38004
2.9072
2.7369
2.5704
2.66739
2.64029
3.11365
2.64617
2.83427
3.08393
2.56842
3.32848
2.87088
2.63899
2.80025
2.91106
2.70898
2.53273
2.90506
3.09844
3.11412
3.07691
3.17554
2.86659
2.98274
2.77209
2.69548
2.48454
2.85004
2.28076
2.8296
2.49007
2.8177
2.8381
2.84562
2.94504
3.17689
2.64033
2.57838
2.78603
2.81199
3.46515
2.64041
2.78784
2.88617
2.94245
2.98647
3.51544
2.69703
2.57444
2.98029
2.85381
3.23875
2.84025
2.87169
2.74081
3.0043
2.94918
2.68062
2.53557
2.88017
2.63584
2.78128
2.96017
2.51791
2.77824
2.98278
3.07689
3.1112
2.68913
2.984
2.75306
2.98703
2.92835
2.70657
2.86193
2.99259
2.85538
3.08902
2.59691
2.79235
2.51483
3.39777
3.06285
2.94106
3.24075
2.96145
2.8597
3.091
3.21926
2.89044
2.6427
2.73075
2.61067
3.2301
2.76547
3.19797
2.96961
2.8537
3.12173
2.83589
2.9577
2.80275
2.68462
2.57143
2.40318
3.4469
2.47975
2.90144
2.53244
2.44618
3.0378
2.89671
2.65506
3.02227
2.95652
2.91756
2.8295
3.22835
2.9174
2.95449
2.82592
2.64374
3.1996
2.62856
3.08551
3.32498
2.30716
3.04279
2.78132
2.84789
3.08314
2.61771
2.76386
2.63714
2.41889
2.91553
3.24409
2.74108
2.79179
3.14912
3.33177
2.58568
2.87261
3.10732
2.83111
2.92106
2.71626
2.60112
2.74043
2.69497
2.95077
2.48934
2.84667
2.78753
3.27581
2.51746
3.15295
3.4187
3.21735
2.81958
2.78782
2.86437
2.89611
3.15806
3.34537
2.82337
3.3332
2.83394
2.59926
2.39603
2.90204
2.97603
2.79932
3.29297
2.8301
2.48943
3.06876
2.72146
3.14439
3.08717
2.9879
2.76122
2.90608
2.65157
2.62843
2.98183
3.08275
2.68955
2.60023
2.82662
2.77741
3.12477
3.16396
2.62438
2.64397
2.55062
2.79022
2.90595
2.95434
2.72638
2.73657
3.11813
2.74966
3.06848
2.82388
2.8142
2.88102
2.9633
3.47627
2.47599
2.75452
2.54048
2.95983
2.98125
2.73383
2.90564
3.30475
2.63056
3.00199
2.7843
2.78058
2.52874
2.74652
2.90169
2.71272
2.3999
2.7778
2.74972
2.67584
3.03925
2.30203
2.67934
2.90713
3.33854
2.65236
2.36289
2.4661
2.88907
2.63301
2.92144
2.69309
2.68065
2.93815
2.7536
3.12099
2.68059
2.76501
3.07624
2.99695
3.18672
3.20169
2.98695
3.47669
2.80683
3.09655
2.6819
2.99406
2.66799
2.96651
3.17668
3.02791
3.47361
2.80067
2.66042
2.78621
2.86701
2.7964
2.57642
3.19654
2.90232
2.93622
2.89122
3.06535
3.12073
2.84756
2.8677
2.61987
3.0881
3.03695
2.49461
3.27571
2.51062
3.26162
2.74809
3.20016
2.79766
3.03802
2.76671
2.68876
2.81914
3.19447
2.91388
2.60908
2.65928
2.74772
3.00026
3.31636
2.8595
2.98313
2.82333
3.1828
3.29809
2.4914
2.48806
2.91835
3.11448
3.29942
3.18566
2.67075
3.16947
2.64024
2.8837
3.41024
2.46718
2.64258
3.48232
2.72829
3.17376
3.15997
2.82986
2.81913
2.82693
2.4482
3.39159
2.50145
3.29173
2.77737
2.64238
2.78429
3.16023
2.91685
3.43169
2.87686
2.70665
3.04513
2.59919
3.12209
3.181
2.93057
2.72189
2.9166
3.01603
2.91434
3.13426
2.84116
2.77191
2.21852
3.24693
2.7719
2.72123
3.27697
2.86663
2.84192
2.96321
2.65339
3.00824
2.81934
3.02085
2.58531
3.07405
2.78513
3.18713
2.72749
3.11116
3.26837
2.52955
2.5034
3.27104
3.15342
3.06441
2.74558
2.94285
3.00289
2.8075
2.61515
2.81175
3.3007
2.97377
2.52578
3.22405
2.6659
2.97728
3.37001
2.90584
2.85005
2.6913
3.1048
3.23752
2.99152
2.72367
3.20661
2.94737
2.90697
2.47507
2.88309
2.92229
2.7645
2.80654
3.38209
2.99021
3.05348
3.10967
2.67374
3.02997
2.99623
2.87591
3.05122
2.70473
2.76879
2.86114
2.93332
2.82204
3.15393
2.50317
2.77981
2.60124
2.92995
2.88312
3.17813
3.11873
3.0993
2.7806
2.57997
3.14444
2.74222
3.19095
3.09871
3.20012
3.0067
2.82341
2.99997
2.96313
2.61714
2.58451
2.78005
2.41108
2.88803
3.16402
3.05447
2.91505
3.0092
2.76229
2.84529
3.35845
2.71757
2.72246
2.73954
3.0435
3.05107
3.07888
3.43123
3.34002
3.27775
2.50812
3.10438
2.50513
2.63386
2.72293
2.8474
3.26113
2.9233
3.04994
2.51768
3.18474
2.86147
2.99564
2.85336
2.74947
3.14251
2.98408
2.76407
2.9988
2.50317
2.53616
2.34778
2.61384
2.93452
3.01269
3.10721
3.11576
2.72025
2.74561
2.45294
2.73505
3.2174
3.18928
2.66442
2.83829
2.57444
3.18051
3.00256
2.47762
2.91682
2.95944
3.11037
3.29928
3.18333
2.92498
2.93416
2.75051
2.65911
2.96356
2.78635
3.17837
2.93517
2.85337
2.79231
3.50474
2.558
3.00996
2.99128
2.56277
2.65056
3.13695
2.44743
2.62769
3.02251
2.98086
2.54443
3.05748
2.71883
2.81415
2.8353
2.74217
3.10603
3.10985
3.0155
2.79793
2.56811
3.00203
3.40084
2.51708
2.258
2.93575
2.96605
3.00023
2.52618
3.3092
2.78421
2.83748
3.04359
2.75011
2.67015
3.1052
2.79501
2.94136
2.37563
3.11686
3.15384
3.34095
2.99812
3.12999
2.25343
2.77339
2.72702
3.15162
3.07925
2.58908
3.05649
2.83335
2.67863
2.76632
2.7508
3.11822
2.94965
2.97864
2.46619
2.27385
2.92151
2.76883
3.11191
2.88363
2.74822
3.29202
2.52715
3.02167
2.99606
2.91269
2.99799
2.40051
3.196
2.90219
2.65111
2.91592
2.79964
2.65025
2.7262
3.15716
2.86527
2.95576
3.40455
2.73948
2.8306
3.07062
3.03621
2.70901
3.11735
2.72324
2.41447
2.76231
2.75609
2.84068
2.76676
2.37723
3.16515
3.22862
2.77447
2.5265
2.92379
2.97041
2.96485
2.60089
3.07
2.82148
2.71911
3.05283
2.8752
2.77486
2.66861
2.98837
3.37046
2.81649
3.09266
3.02112
2.88359
2.07228
2.68761
3.29752
3.04023
2.61683
3.24825
2.99909
2.89106
2.47571
2.90447
2.52977
2.71967
2.60214
2.3737
2.99279
2.9572
2.67771
2.91441
2.85421
2.89359
3.37129
2.92736
3.18973
2.90467
2.83525
3.04098
3.00458
2.69064
2.83271
2.58967
2.7224
2.82697
3.09824
2.66278
2.95296
2.7062
2.93359
2.93504
2.84508
3.15085
2.62836
2.66631
2.86651
2.28167
2.39782
3.04759
2.66527
3.24067
2.87622
3.0894
2.51965
3.34939
2.69285
3.10824
2.86388
3.0812
2.90103
2.68294
2.85887
3.17464
3.2058
3.13852
3.35334
3.1679
2.84296
3.09397
2.75861
3.12208
2.94575
2.88728
3.25127
3.03221
2.97832
2.71381
2.8942
2.86758
2.75465
2.95852
3.04463
2.77574
2.93258
3.17262
2.98254
3.15681
2.91897
3.08045
2.64883
2.96449
2.67979
2.90892
2.71569
2.86182
3.03694
3.41412
2.68689
2.54159
3.02468
3.05637
3.14485
3.12657
2.79418
2.77104
3.05323
2.75203
2.73071
3.04396
2.8623
2.93868
3.4896
2.86431
2.39418
2.50097
2.80874
3.14018
2.51505
2.71502
2.96662
2.9834
2.55561
2.89273
2.99245
2.76344
3.05202
2.62155
2.8975
2.84869
2.98434
2.88932
2.80362
2.78965
2.49062
2.41435
2.53691
3.19611
2.77893
3.17158
2.76623
3.3354
2.93729
2.74467
2.61306
2.64463
3.14542
3.06183
2.94247
2.77829
2.9308
2.78065
2.84854
2.86005
2.89642
2.87358
2.68523
2.89726
2.57504
3.07571
3.21482
2.53649
2.64042
2.6011
2.64821
3.04052
2.71523
2.97478
3.10038
2.94228
2.9323
2.95667
2.49177
2.88675
2.67105
2.80242
2.70785
2.91364
2.96396
3.23454
2.44583
2.64833
2.84112
3.15637
2.84199
3.10413
3.19905
3.40615
2.7611
2.68686
2.62776
2.6691
2.80076
2.72952
2.79955
3.29999
2.86484
2.88156
2.34298
2.46543
2.48471
2.32904
2.8089
3.00012
3.25829
2.55103
2.70416
2.94935
3.42583
2.56392
2.95027
2.84057
2.71927
2.80355
3.13061
3.04476
3.02118
3.02788
2.69464
2.80724
2.62296
3.332
2.6134
2.74501
2.98762
2.60568
2.94986
2.79795
2.90583
3.00739
3.07636
3.04125
3.12876
3.0569
2.83568
3.19238
2.88495
2.67229
2.41819
2.78514
3.01282
2.7201
3.08297
2.87026
2.98252
2.50445
2.44281
3.36656
3.29076
2.86257
2.79137
3.18569
3.00773
2.65516
2.76937
2.94569
2.91576
2.85689
3.05114
2.61381
2.54581
2.92431
2.773
2.89777
3.14009
3.14189
2.75345
2.75152
3.30677
3.05298
2.8995
2.7277
2.95138
2.82605
2.83075
2.94652
2.39328
2.99373
2.55484
3.06181
2.9569
2.69996
2.9443
2.58023
2.90016
3.0112
3.06884
2.88043
2.38219
2.79404
2.63345
2.40039
2.50809
3.14126
3.23885
2.49326
2.60222
2.86341
3.04858
3.05883
2.38858
2.58688
3.14581
2.88033
2.85067
2.64516
2.83463
2.96447
2.83682
2.8107
2.62173
3.01115
2.78277
2.90618
2.51482
2.77345
2.93256
2.87305
2.88407
3.34369
2.64587
2.63907
2.83693
2.40518
2.76288
3.05272
2.7672
2.83539
2.7979
2.86363
2.88965
2.65434
3.08392
2.66607
2.8642
2.74004
2.86863
2.72597
3.32238
2.64568
2.81977
3.00099
3.00766
2.95058
3.38726
2.52683
3.04178
3.48106
2.65371
3.12829
3.13681
2.79054
2.8134
2.8099
2.8132
2.43501
3.12712
3.07357
3.03294
3.05887
2.6095
2.99253
2.65547
3.24244
2.52382
2.61191
2.64701
3.11604
3.00328
2.89329
2.87144
2.58697
2.61313
2.78201
2.9065
2.96297
2.90008
3.41146
2.9257
3.24549
2.97491
3.18828
2.98558
2.41719
2.81015
2.46389
2.9482
2.82986
2.0663
2.64964
3.25349
2.94282
2.96898
2.8312
2.48218
2.90638
3.26435
3.20778
3.1337
3.35143
2.88976
2.72974
2.89239
2.83333
2.97122
3.11516
2.78575
2.687
2.51421
3.03903
3.03753
3.20227
3.2662
2.72664
2.94716
2.92464
2.92357
2.55193
2.75048
2.66246
3.1808
2.80874
2.46004
3.07173
3.35472
2.75286
2.63171
2.80057
2.56067
2.81201
3.22251
2.4567
2.70528
2.9734
2.7898
2.68379
3.29165
3.24353
2.94281
2.40536
2.55574
2.70095
2.98358
2.59448
3.27489
2.52356
3.02387
2.65425
2.64254
2.68712
2.86298
3.06232
3.05673
2.76269
2.92801
3.14314
2.67465
2.51733
2.80383
3.07297
3.50062
2.65149
3.0608
2.8305
2.87381
3.04244
2.63559
3.01801
2.67798
3.30565
2.49936
2.71535
2.86161
2.68271
2.88584
2.81932
3.24304
2.40384
2.47208
2.52246
2.79094
2.90153
2.83282
2.98732
3.02822
2.86674
2.63473
2.53306
3.00198
2.81631
3.10395
2.96386
2.68655
2.90364
3.28266
3.33966
2.55824
2.99897
2.66517
2.59707
3.02929
2.82163
2.76167
3.49515
2.56002
2.36902
3.04755
2.92307
2.58488
3.13685
2.6143
2.53457
3.10157
3.2359
2.91089
2.8914
2.98381
2.94735
2.98148
2.89088
2.96906
3.1512
2.91944
2.44589
2.99415
2.88952
2.91426
3.17758
3.25877
2.98197
2.6388
2.70273
3.03109
3.04963
2.76782
3.08513
3.00004
2.98355
2.88179
2.72891
3.01923
2.91088
2.87091
3.04339
2.74442
2.35826
3.04219
2.75714
2.57094
2.88485
3.05536
2.96012
2.32558
2.45738
2.46025
3.08459
3.39045
3.41748
2.6454
2.95568
2.98706
2.38046
2.64859
2.77795
3.14262
2.80756
2.50461
2.51027
3.15773
2.86112
3.16501
3.0342
2.73465
2.92342
3.16476
2.77798
2.88521
2.88931
2.71457
2.58491
3.20284
2.66685
2.72629
2.97499
2.82797
2.81792
2.68236
2.61153
3.02244
2.6626
2.95741
3.04391
3.15406
2.52122
2.75646
3.07244
3.1974
2.93527
2.67234
2.94637
2.79297
2.51268
2.70409
3.16692
2.75314
2.70552
2.93143
3.15135
2.30079
2.63815
2.85215
2.96213
2.8794
2.54571
2.6303
2.99415
2.84026
3.24014
2.83163
2.5449
2.73567
2.60188
2.8232
2.79582
3.09897
3.28126
2.76321
3.25642
2.91084
2.84569
2.69184
2.77451
2.85262
2.99573
2.79233
2.83425
2.98469
2.76186
3.07272
2.97663
2.73014
2.82295
3.16143
3.35611
2.78327
3.09958
2.57116
2.82531
2.55767
2.83194
2.48861
2.52369
2.80893
2.56087
2.95279
2.51404
2.86039
3.16779
2.91322
2.7433
2.99671
3.15889
2.76679
3.13751
2.72812
2.92151
3.20992
2.6932
2.85531
2.65378
2.80298
2.85373
2.91476
3.00232
2.86886
3.03449
2.8961
3.18592
3.04015
2.99324
3.29121
2.65199
3.18947
3.03885
2.77055
3.07708
2.75416
2.31891
2.90653
3.21372
2.95177
2.5309
2.65603
2.98955
3.05098
2.76736
2.92076
2.99646
3.02406
2.73831
2.71448
2.94932
2.40092
2.45684
2.82268
2.9029
3.22824
2.62027
2.69429
3.06884
2.26086
2.91919
3.01503
2.56269
2.61103
2.81599
3.22721
3.13284
2.93531
2.58749
2.3012
2.80122
2.9139
2.86832
3.33062
3.07826
2.86356
2.93436
3.26678
2.79708
3.10915
3.12141
2.97704
2.87469
3.0588
2.72434
2.87473
2.18569
2.71174
2.87627
2.84777
2.89151
3.47042
2.90929
2.60224
2.90295
3.2941
2.99501
2.72909
3.04493
2.96367
2.62117
3.20243
3.12086
2.8336
3.12954
3.43471
3.01374
2.94915
2.56048
3.06589
2.63345
2.84227
2.8959
2.73845
2.79487
2.59355
2.70273
2.87584
3.12827
2.89173
3.16348
2.86965
2.66704
2.86475
3.19224
2.26999
2.62374
3.15592
2.72199
2.65342
2.89007
3.03279
2.42227
2.91997
2.83647
2.93967
3.22731
2.72574
3.08206
2.94697
2.67757
2.76476
3.04907
3.01142
3.06761
2.97259
3.05783
2.59763
2.7547
3.22424
2.829
2.75122
2.70529
2.43716
2.64499
2.51461
3.23773
2.96365
3.07288
2.75923
2.74026
2.46211
3.02679
2.75332
2.67281
2.96604
2.96957
2.9982
3.06286
2.81038
3.13186
2.6014
2.97173
2.97744
2.96669
2.88313
2.56329
2.49676
2.8206
2.82949
2.92389
3.10005
3.02281
2.77622
2.91521
2.88356
2.8431
3.24038
2.97452
2.64693
2.70062
2.96786
2.64092
3.1996
2.97581
3.2227
2.86419
3.12697
2.55406
2.75222
2.98538
2.91916
3.06172
2.93905
2.91261
3.02196
2.97547
2.65107
2.91122
2.74386
2.78861
2.79189
3.12057
2.94325
2.89146
2.71289
2.78939
2.62391
2.70299
2.58438
2.81014
2.87247
3.17231
3.24872
2.84444
3.0035
3.24919
3.27046
2.41782
3.32926
2.76385
2.9664
2.77209
2.88594
3.03852
2.53127
3.09451
2.51833
3.04344
2.69209
2.90624
2.95493
2.95159
3.39269
2.89506
3.09303
3.09996
3.19567
3.06064
2.92154
2.95179
3.23718
2.88175
2.74189
2.9568
2.87571
3.10402
2.2418
2.93834
3.28948
2.64586
2.81546
3.13751
2.96356
2.93192
3.53652
2.93854
2.83008
2.84328
2.55302
3.24732
3.12345
2.77687
2.75156
2.76631
2.4529
3.03452
2.47485
2.98261
3.14025
2.53664
2.39478
2.87519
2.71538
2.79217
3.25585
2.93423
2.71434
2.76095
3.16495
3.28623
3.20659
2.66676
2.44598
2.74333
2.90796
2.93203
3.06317
2.96749
3.00545
3.01383
3.18633
2.52196
3.15918
2.74733
3.12136
2.97936
3.13104
2.69473
2.94644
2.90365
2.59072
3.03165
2.91149
2.86772
2.74147
2.79252
3.34801
3.15882
2.63129
3.26932
2.61307
2.4382
3.11669
3.08245
2.56987
2.72847
2.83119
3.03151
2.85855
2.73566
3.26006
2.85041
2.81863
2.73987
3.23752
2.81509
2.45747
2.71115
2.61697
3.06955
2.09481
2.49712
3.33483
3.24882
3.1335
3.08766
2.53916
2.76284
2.70392
3.16222
2.62285
2.99237
2.89845
3.34757
2.79882
2.90163
2.88781
2.31093
2.66084
3.1743
3.24615
2.98647
3.01887
2.76703
3.21375
2.90937
2.77818
2.65216
2.79412
2.88365
2.97544
3.45798
2.41397
2.65951
2.949
2.74716
2.70193
2.97978
2.87285
2.53319
3.23815
2.8773
3.31775
2.56565
2.54328
3.1488
2.65622
3.32712
2.7237
2.63069
2.71668
3.10471
3.13092
2.75947
2.86599
3.14072
2.62135
2.89097
3.19407
3.00662
3.21093
3.17553
2.76853
2.54392
2.7093
2.96123
3.04297
3.38638
2.86896
2.75471
2.85102
3.43985
2.92019
2.70986
3.00381
3.0436
2.69152
2.80193
2.77589
3.15971
2.86283
3.1589
2.7368
2.71912
2.7668
2.84087
2.99815
2.72839
2.52637
2.90177
2.70678
3.0734
2.92241
2.93946
3.04248
2.75075
2.73796
2.8157
3.02418
2.45778
2.59599
2.93587
2.98961
2.69362
2.67277
3.26719
3.13315
3.1612
2.93909
2.56332
3.09651
2.41861
2.84135
2.63235
2.6403
2.97185
2.68549
3.15955
2.72467
2.95614
2.79579
2.25986
2.93293
2.63979
3.06362
2.86382
2.72251
2.93821
2.65541
2.98394
2.86708
3.11313
2.48504
2.72603
2.63165
2.50864
2.60292
2.77459
2.98777
3.0853
2.76537
2.5987
3.32912
2.75132
3.18679
2.54893
3.21337
3.05662
3.39512
2.45788
2.93949
3.03261
2.814
3.17467
2.74338
2.66026
3.05398
2.58148
2.68145
3.00327
2.89996
3.07162
2.94563
2.50096
2.375
2.78742
3.20692
2.97904
3.22056
2.97168
2.8762
2.65211
2.80461
2.73525
2.95215
2.72766
2.70852
2.92372
2.82797
3.1921
3.19502
2.84733
2.47669
3.21713
2.80918
2.51393
2.90621
2.87251
2.5446
3.09559
3.11586
2.73969
2.74353
3.16746
3.25555
2.46974
2.5919
2.73447
3.13154
2.9355
2.8526
2.44521
3.326
2.8098
3.10796
2.79758
2.41865
2.76708
3.32405
2.73321
3.09381
2.53996
2.87625
2.89815
2.81703
2.84136
3.33575
2.96062
2.92748
3.0134
2.56597
2.84343
2.72142
3.04927
2.71149
2.69029
2.95113
2.90851
2.98931
3.33217
2.8636
2.93241
2.8054
3.11014
2.47775
2.95448
2.58368
2.8961
3.14214
2.90173
2.70155
3.15298
2.56065
3.18288
2.77048
2.62675
2.52978
2.79004
2.93027
2.34188
3.19423
2.83247
2.99104
2.99212
2.65081
2.88284
2.52616
3.29347
2.71905
2.80316
2.96985
2.38622
3.12977
2.7106
3.12483
2.76345
2.69958
3.0255
2.85725
2.76891
2.32179
2.98611
2.77801
2.73207
2.98105
3.3132
2.90175
3.1213
3.13086
2.74638
3.11187
2.42135
2.7724
3.06573
2.84097
2.8024
3.23746
3.0226
3.33533
2.93172
2.56291
2.66051
3.09754
3.67003
2.67603
3.06536
2.84659
2.95233
3.20895
2.76033
3.18205
2.74504
3.28805
3.1274
3.04764
2.94144
2.87652
2.73732
2.79116
3.02443
2.73181
3.43975
3.13058
3.14279
2.26215
2.84727
2.74747
2.75305
2.80039
3.22822
2.89952
3.20033
2.47758
2.71371
3.10502
3.16127
3.02801
2.90131
3.14844
2.5324
3.40391
2.46097
2.964
3.08238
3.0431
2.81965
2.87876
3.01958
3.02343
3.05693
2.61249
2.98596
3.16199
2.91075
3.47676
2.94645
3.12257
2.99721
3.29047
2.91159
3.48847
3.00075
2.89592
2.9125
2.81199
2.9674
3.16597
2.9703
3.0377
2.97124
2.73555
2.56093
2.67637
2.7153
2.98263
2.83193
2.91169
2.91835
3.18935
3.42785
2.73485
3.36197
3.10509
2.92964
2.47021
2.9669
3.04212
2.81319
3.20726
3.09426
2.88684
2.42198
3.2009
3.32235
2.49749
2.68712
2.96881
2.817
2.58257
2.76267
2.82757
2.51516
2.79885
2.85368
2.91025
2.97138
2.97261
2.66184
2.72797
3.25631
2.42933
2.79608
2.99737
2.74185
3.28346
2.53757
3.22737
2.42558
3.19677
2.87406
2.85523
2.99486
2.79509
2.80516
2.69299
2.8134
3.04897
3.11823
2.61751
2.7103
2.95344
2.84027
2.80788
2.84027
2.78883
2.67427
2.59005
3.08688
2.85418
3.06054
2.55824
3.03882
2.81175
3.10789
2.32303
2.54867
2.64935
2.97993
2.77721
2.89624
2.8434
3.03135
3.26948
2.95599
2.66853
2.56572
3.14303
2.77769
3.38928
2.69677
2.96102
2.60674
3.17879
2.83904
2.88216
3.18921
2.87647
2.68052
2.99636
2.60084
2.84722
2.38757
2.9858
2.95962
2.56916
3.01421
2.50165
2.85981
3.27751
3.25343
2.75477
3.25448
2.86794
2.88341
2.70087
2.89721
2.93891
2.73844
2.94426
2.75294
2.846
3.33163
2.87697
2.69054
3.04628
2.59215
3.33978
3.17793
2.94434
3.0665
3.0927
2.20029
2.80234
2.3982
3.17774
3.02314
3.11304
2.32276
2.67448
3.22323
2.92688
2.99553
3.21182
3.34631
2.9665
3.31333
2.433
2.59163
2.99576
3.10083
2.91343
2.8385
2.93952
2.75182
2.95463
2.54957
3.14482
3.01469
2.65637
2.7679
2.84438
3.09041
2.42226
2.4931
2.85036
2.893
2.51241
3.19659
3.15654
3.26751
2.93637
2.78573
2.81554
2.68452
2.84929
3.03517
2.49044
2.76471
3.40791
2.54587
3.0599
2.66535
2.70272
2.93781
3.13231
2.91524
3.01706
2.86178
3.22223
3.04501
2.9181
2.73754
3.11053
3.13602
2.67481
2.90413
2.46358
2.84473
2.7134
2.71828
2.72178
3.35194
2.95945
3.16062
3.00202
3.4609
3.42975
2.96395
3.21029
2.76644
3.18819
2.84998
2.95989
2.73466
2.56044
2.83591
2.87391
2.7636
2.7477
2.92098
2.73761
2.83698
3.27037
2.62664
2.82023
2.73016
2.54536
2.81113
3.0223
2.80972
3.09221
2.71642
3.11001
2.91857
3.08551
2.6496
2.95144
2.78468
2.60306
2.33842
3.3108
3.09025
2.92548
3.34101
2.93027
2.49978
2.41661
3.17461
2.70349
3.00859
2.87368
3.08231
2.91357
2.82171
3.14754
3.15624
2.84623
3.14481
2.91994
3.20995
2.42494
2.9934
3.22945
3.1329
2.77344
3.1633
2.81172
3.21557
2.94483
2.89064
2.92298
2.98727
3.02907
2.73052
2.88831
2.48776
3.10232
2.63346
3.22766
2.89775
2.51543
2.90065
3.08272
2.43259
3.22871
2.78893
3.18128
2.73439
2.38807
3.14427
2.69354
2.71437
3.06013
3.02961
2.95383
2.61893
2.71113
2.6026
2.89717
2.79819
3.28167
2.50663
2.79424
3.22973
3.11057
2.73261
2.50545
3.02383
2.58595
2.72636
2.77559
2.60577
3.01826
2.87421
3.35111
3.0189
3.02939
2.67562
2.5693
2.70851
2.34236
2.933
3.15582
2.81948
2.47896
2.83398
3.09852
2.90106
3.23749
3.08285
2.26854
2.82656
2.97199
3.09355
2.68227
3.00064
2.5128
2.6228
2.98774
2.88804
2.78431
3.15072
3.1977
2.71978
2.70929
2.78306
3.02085
2.89697
2.88545
3.08513
2.71364
3.02205
3.00895
3.11697
2.70294
3.05962
2.42536
2.33172
3.2212
2.93705
2.82075
2.37215
2.80274
2.7617
3.1074
2.51972
2.56476
2.96158
2.66207
2.82119
2.93272
2.95061
2.72268
2.69148
2.87621
2.36343
2.91185
2.88601
2.77993
3.4313
2.85699
3.23935
2.81027
3.16505
3.05062
3.31527
2.90172
3.43882
2.95137
2.85726
3.06672
2.86935
3.02377
2.98808
2.70056
2.8153
2.94357
3.25229
2.87387
3.05328
2.87297
2.80469
2.91918
2.31452
2.80436
2.98069
2.84452
2.71375
2.86743
2.92948
3.15352
2.5265
2.73733
2.97862
3.33081
3.14205
3.44728
3.51296
2.89648
3.08008
3.09513
2.71932
2.87456
2.7479
3.24372
2.87537
2.58965
3.32053
2.99433
3.30068
2.56974
3.10701
2.78188
2.93284
3.03475
2.99345
2.78987
3.1391
3.11928
3.10253
2.71584
3.195
2.94628
2.68576
3.13008
2.85022
3.34285
2.55187
2.64057
2.8156
3.19412
3.033
3.29634
2.88243
2.76386
3.02705
3.18797
2.95295
2.93313
2.79177
2.48324
2.86121
3.05649
2.82278
3.39662
2.68758
2.71467
3.06462
2.75825
3.02122
3.05287
2.93173
2.6989
2.71616
3.21658
2.89675
2.85392
2.69576
2.33037
2.87928
2.90494
2.96174
3.12078
3.14335
2.84083
3.15254
2.7785
2.7899
2.84196
2.8305
2.78593
2.8743
2.96136
2.51603
3.38017
3.31123
2.50799
3.12142
2.98882
2.72639
2.79147
2.83969
3.03809
2.65082
2.82566
2.88347
2.83367
3.18374
2.68567
3.30189
2.71251
2.85615
2.69961
3.01699
2.70895
3.06968
3.05531
3.44648
2.99505
3.05644
2.56468
2.69476
2.88222
2.87333
3.01569
2.88997
3.13495
3.09777
2.91408
2.85652
2.95955
2.5343
2.93848
3.22037
2.77963
2.78677
2.74038
2.77143
3.10799
2.83901
2.76305
2.7667
3.30727
2.75118
2.64091
2.87765
2.76733
3.39866
3.30093
2.81541
3.33137
2.97363
3.12354
2.91232
2.49946
2.64989
2.74274
2.50382
3.43603
2.92044
2.88537
3.06982
2.70388
3.43347
2.71466
2.52496
2.38652
2.82618
3.00751
2.82076
2.79273
3.25701
2.60493
2.68932
3.10174
2.84916
2.8434
2.7589
2.66854
2.5422
2.87892
3.04601
2.88664
2.89605
2.49401
2.80382
2.54815
3.14333
3.07582
2.70053
2.96828
2.8773
2.79071
2.97021
2.94983
2.76404
2.7119
3.09874
2.58823
3.09563
2.66163
2.72537
2.54735
2.72228
2.90405
2.758
2.83029
2.58341
2.70686
2.8029
2.68767
2.86162
2.97194
2.65759
3.10702
3.43087
2.75118
2.6974
2.78886
2.89537
2.74363
3.08671
2.62413
3.50399
3.09765
2.97224
2.51841
3.04157
2.95991
2.75982
2.88375
2.92048
2.85253
2.86684
2.57518
2.85926
3.27217
2.7788
2.7362
2.7752
2.85253
3.20967
2.64603
3.10891
3.01133
2.87603
2.68004
2.75521
3.03149
2.76978
3.13322
2.95647
2.67202
2.79409
2.70836
3.27273
2.68138
2.84852
2.72727
2.67415
2.84145
2.7211
2.90406
2.81807
2.75103
3.02269
2.4203
3.05031
2.97276
3.32324
2.77423
2.26777
2.88197
2.71246
2.56252
2.7182
2.86398
3.07093
2.69724
2.926
3.11668
2.71247
3.0854
2.96972
3.25916
2.98447
2.84452
3.29048
2.84947
3.42835
2.49137
2.93889
3.04264
3.119
2.7551
3.21504
3.14544
2.66592
2.73673
2.70212
2.38843
2.57997
3.07829
3.2116
2.97388
2.94628
2.54521
2.98185
2.68786
3.22297
3.03286
2.59539
3.07888
2.67307
2.82311
3.09292
2.7211
2.82286
3.12537
2.66649
2.56547
2.83653
2.53737
2.462
2.91434
2.85352
2.80693
2.97957
2.87246
3.17459
2.833
2.75221
3.06039
2.7735
2.62646
2.7506
2.86347
3.29974
2.93877
2.67039
2.84841
3.04387
3.01489
3.44124
3.00482
2.97522
2.52157
3.34263
3.336
2.82652
2.77898
3.09416
3.05372
3.27967
2.52394
3.00076
2.96314
3.37414
2.92137
3.33465
2.59748
2.43356
2.91098
2.45844
2.81977
3.05605
2.94271
3.05696
2.76816
3.05931
2.82784
2.92069
2.53286
3.05424
2.88989
2.72031
2.91914
2.85178
2.50949
2.91114
2.96166
2.58673
2.84458
2.75148
2.79399
3.07928
2.96873
3.1561
2.56028
2.5785
2.47751
2.93899
2.93322
2.75144
2.77358
2.91082
2.58791
2.67996
2.95834
2.8143
2.81652
2.78342
2.88323
2.89433
2.8274
2.47385
2.60114
3.06224
2.7567
2.66871
2.58043
2.83219
2.8575
2.96318
3.08993
2.72361
2.92641
2.72497
2.93864
2.75047
2.91361
2.95896
2.67914
2.98279
2.8463
3.37192
2.64783
2.76733
3.12179
2.76409
2.78361
3.14238
3.12001
2.55475
3.21275
2.98221
2.60917
3.10132
2.86368
3.15628
2.68749
2.51844
2.89745
2.72536
3.21305
2.56318
2.8993
3.19121
2.74243
2.73491
2.65403
3.02834
2.65399
2.62136
2.97092
2.78716
2.61721
3.02565
2.87844
3.08865
2.9077
2.68863
3.00559
3.05056
2.69894
2.48625
2.84263
2.77692
2.67454
3.05636
3.08841
3.19689
2.42048
3.28671
2.10039
2.93135
2.50243
2.24908
2.88677
2.60422
2.92811
2.74511
3.10929
2.2891
2.33216
2.64176
3.10131
2.97652
2.50925
3.11127
2.85319
2.93366
2.82152
2.7218
2.59688
3.14411
2.67128
2.85301
3.05423
2.54701
2.81436
2.57734
2.85617
3.14143
2.58856
3.22128
2.80637
2.81934
3.24201
2.92063
2.96951
2.8017
2.87329
2.91341
2.88591
2.73767
3.2061
2.90483
2.57793
3.11878
3.01364
2.66413
3.16832
2.94137
3.00264
2.75999
2.59989
2.85319
2.55928
2.95932
2.96388
3.13578
2.71096
2.96217
2.88462
2.92821
2.6177
3.13408
2.69333
3.31548
3.11883
3.36538
3.03959
3.33108
2.60014
2.9702
3.29018
2.95338
2.73608
2.67487
2.73303
3.22749
2.89739
2.87536
2.8564
2.92892
2.91504
2.95066
2.60725
2.73781
2.90506
2.91387
2.83366
2.87136
3.22276
2.97207
2.96259
2.74458
2.68168
2.58499
2.87241
2.81582
2.91385
3.24357
2.99519
2.90488
2.55371
2.68998
2.7134
2.3452
3.41635
3.36939
3.1127
2.89708
2.9794
3.24586
3.32555
2.58665
2.92602
2.78932
2.64354
2.60074
2.60541
2.72144
2.79794
3.45427
2.69012
2.62154
2.69759
2.7786
2.60773
3.00999
2.6646
2.95272
3.05157
3.26278
2.71522
3.3048
2.83798
2.28149
2.60221
3.04812
2.84908
2.91211
2.70187
2.84223
3.1568
2.8664
2.32591
2.73195
2.68711
2.92287
2.89127
3.08796
3.165
2.90523
2.82569
3.01852
3.11515
3.31133
3.06114
2.98964
2.98634
2.63477
2.58992
3.18102
3.60652
2.35542
2.53135
2.64602
3.09157
2.81419
2.90941
2.88354
2.4202
3.10018
2.89176
2.45969
2.92434
2.73196
2.87371
2.37312
2.82687
3.15244
2.44361
2.8959
2.96595
2.75787
3.0329
2.80248
2.83332
2.91154
2.66453
2.87118
3.55005
2.46485
3.14378
3.1739
2.6558
3.02499
2.73967
3.13288
2.19762
2.81982
2.79536
2.05492
3.42527
3.30327
2.43395
2.94899
2.36813
2.98212
2.51265
2.70707
2.66357
2.45957
2.76656
2.77305
2.54668
3.02674
3.05376
3.08506
3.10363
2.75551
2.96333
2.74601
2.70401
3.10446
2.66379
2.62137
2.93433
2.70221
2.94716
2.60622
3.13837
2.66398
2.77187
2.8687
2.79741
3.09526
3.02657
2.7574
2.5844
3.29969
3.18417
3.10978
2.73854
2.80443
2.7458
2.72376
3.23611
2.96072
3.01224
2.99486
2.90887
2.83354
2.90275
2.99126
2.84703
2.55364
3.23833
2.87056
2.71227
2.46467
2.82636
2.94372
2.92288
3.26371
3.21419
3.49248
3.46791
2.89641
3.34992
2.56064
3.07449
2.57896
3.08291
2.24568
2.86841
2.7022
2.90915
3.22607
2.9389
2.48998
2.88705
2.65547
2.89424
2.66488
2.71827
3.20155
2.89228
2.73997
2.78109
3.02804
2.71731
2.97762
2.79396
2.96226
2.86461
2.70337
3.02645
2.6598
2.78047
2.84282
2.73497
2.573
2.51324
2.91069
2.7444
3.11633
3.12546
3.14453
3.22053
3.17326
2.70422
2.38216
3.07162
2.73242
2.82396
2.69307
3.03166
2.78472
2.71356
3.00022
3.07775
2.69108
3.00358
2.89994
3.08292
2.72876
2.87128
3.1471
3.13468
2.94491
2.86472
2.78827
2.74609
3.28243
3.14996
2.78971
2.81995
2.97284
2.76601
2.55884
2.64022
3.08058
3.28531
2.85154
2.44075
3.08461
2.66043
2.9511
3.08165
2.59219
2.99941
2.51102
2.83398
2.72987
2.90252
2.79046
2.85096
2.61256
2.80114
2.51308
2.3941
3.04366
3.03315
3.06264
2.73398
2.92381
2.78617
2.51934
2.8096
2.81789
2.8398
3.11378
2.49186
2.74985
3.08055
3.16071
2.71713
2.79451
2.67205
3.01952
2.98579
2.46432
2.98444
2.63587
2.70377
2.77158
2.53418
2.78773
2.5562
2.79406
2.5959
2.4196
2.9677
3.03969
3.31189
2.65812
2.72978
2.68418
2.82258
3.04583
2.64247
2.99774
3.0663
2.81586
3.00091
2.95482
2.44181
2.3319
2.70457
2.6618
2.87113
3.19289
2.58721
2.74198
2.81299
2.8383
3.22969
3.10892
3.02887
3.33083
2.95441
2.75954
2.84306
2.73569
3.27513
2.46694
3.08461
2.89041
2.63389
2.88068
2.79356
2.93451
2.40709
2.83059
2.94434
2.58257
2.67221
2.19788
2.84217
3.14826
3.03176
2.97371
3.01434
2.93203
2.93539
3.21395
3.04077
3.28465
2.98427
2.88212
2.95007
3.34721
2.66822
2.56733
3.28816
2.89888
2.68009
3.10112
3.0451
2.42375
2.8514
2.69068
3.07748
2.48516
3.32874
3.15209
2.8573
3.13386
2.87027
2.91722
2.21986
2.92552
3.00479
2.98573
2.80942
2.87438
2.63172
3.10041
3.21641
2.92455
2.76386
2.59359
2.96484
3.1591
3.00506
2.78567
2.53026
3.01977
2.68683
2.6904
2.45394
3.01098
2.76918
2.66072
2.71536
3.31859
2.98169
2.83915
3.02867
2.7991
3.31383
2.89907
3.00332
3.04269
3.4932
2.60555
2.99024
2.90191
2.82309
3.34262
2.95417
2.81931
2.94451
3.05085
2.57152
2.90029
2.99837
2.79351
3.16979
2.81893
2.69377
2.6252
3.05331
2.43846
3.10292
3.27209
2.85171
3.12217
2.91921
2.74727
2.89364
2.91791
3.39431
3.32584
2.7179
3.06188
2.84608
3.064
2.72486
2.54947
2.99095
2.59304
2.9876
2.92484
3.11245
2.72281
3.18228
3.21539
2.77945
2.79816
2.96083
2.6506
2.88831
3.18527
2.65992
3.02656
2.43929
3.0293
2.95904
3.2114
2.59775
2.93447
2.8322
2.89619
2.66249
2.9781
2.80404
2.7303
2.91639
3.09463
2.72743
2.8763
2.54523
2.9511
2.77899
2.92945
3.02616
3.25575
3.10993
2.79316
3.1431
2.35054
3.1365
2.65215
2.60896
3.27532
2.43388
2.71392
2.88291
2.86267
3.36442
2.82953
2.42507
2.93031
2.63127
3.07045
2.50781
3.24891
2.59526
2.95768
2.76714
2.61583
2.93443
3.10797
2.71681
2.79091
3.08621
2.77121
2.93091
2.6522
3.04513
2.91737
2.78539
3.02159
2.90259
2.44319
2.75724
2.85767
2.85321
3.24601
2.73648
2.66895
2.87563
3.32803
3.13654
3.16544
3.20168
2.38163
2.99959
2.90477
2.63748
2.60122
2.83988
3.01501
2.76688
3.09336
2.79809
3.06643
3.00967
2.87051
3.02748
2.97241
2.73282
2.76648
2.54804
2.86326
2.45045
3.096
3.0201
2.45353
2.95112
2.44111
2.48452
3.11018
2.69811
2.87581
2.74765
3.14998
2.86064
2.88722
3.10045
2.70291
2.65518
2.63249
2.83844
2.98056
3.12711
3.11622
2.9716
2.67904
2.58288
3.02079
2.93991
2.7355
3.19162
2.3569
2.77737
3.07968
3.1764
3.13134
2.79518
2.78714
3.02313
3.04151
2.9649
3.02921
3.50529
3.07984
2.83309
3.0303
3.12204
2.87548
2.91755
2.88738
3.24027
2.83428
2.68337
2.99841
2.95917
2.57112
2.98886
2.8165
2.83596
3.0799
2.9337
2.5557
2.76827
2.65924
2.55175
2.82635
2.73738
3.30873
2.41818
2.6762
3.01202
3.31855
2.69242
2.89766
3.08934
3.02743
3.0932
2.39224
2.96885
2.56611
3.30732
2.6144
2.85509
2.66747
2.73945
3.07611
2.79847
2.71435
2.79875
2.55852
3.12474
2.7247
2.97431
2.88917
2.70075
2.74154
2.79263
2.77217
2.77794
2.58748
2.76167
2.68625
2.83271
2.82671
2.60009
3.39686
3.15135
2.68599
3.02255
3.39653
3.19213
3.42951
2.58127
3.13612
2.7762
3.03994
2.94652
2.77662
3.1905
2.47231
2.92831
3.11361
2.86189
2.81417
2.92678
2.78762
3.11308
2.98171
3.18677
2.94398
2.96085
3.12825
2.63634
3.22231
3.05173
2.78498
2.69102
2.91434
2.73244
3.00874
3.25126
2.4175
2.44606
3.07183
2.4565
3.00417
2.47513
2.96836
2.62513
2.51905
3.20499
2.97102
3.06705
2.66775
2.89047
2.82781
2.9657
2.89568
2.77774
2.84567
2.80758
2.86094
3.0206
2.75359
2.41199
2.86018
2.91444
2.63218
2.41739
3.04388
2.3264
2.62298
3.01148
2.95035
3.39009
2.46227
2.86296
3.11246
2.81017
2.89434
2.82353
3.15115
3.13588
2.60562
2.63654
2.79885
2.81698
2.47528
3.03103
2.58427
2.93958
2.84983
2.81479
2.62507
2.88629
3.0543
2.85991
2.59579
2.80303
2.63363
2.69566
2.8373
3.00508
2.65599
2.57549
2.12687
2.54332
2.84038
2.97385
2.74571
3.19607
3.1857
2.47579
2.88394
2.87901
3.07085
2.48196
2.8465
2.47517
3.04902
3.31589
2.71048
2.53662
2.69579
3.14096
2.89428
2.9254
2.81149
3.19964
3.19413
2.75568
3.39122
2.97263
3.13867
2.64818
2.87944
2.93514
2.80705
2.81253
2.7358
2.64445
2.97214
3.28427
3.06133
2.86049
2.83647
2.96682
3.02177
2.29182
3.32317
2.82003
2.94884
3.14412
2.62403
3.04144
3.08858
2.43871
2.88466
2.98387
3.03756
2.87375
2.45102
2.63631
2.5601
3.00363
2.51513
2.86019
2.88267
2.51899
3.11834
2.79049
2.83407
3.44614
2.59477
2.76441
2.60955
3.05194
2.81751
2.72285
2.69745
2.50938
2.79071
3.11483
3.10584
2.45996
2.90208
2.62957
3.23354
2.74422
2.96936
3.12856
3.02887
2.89318
2.87658
2.75011
2.65999
2.51376
2.86458
3.12702
2.97362
2.93684
2.61154
2.76468
3.30033
2.88582
3.24066
2.66437
3.00442
2.70445
2.57737
2.73856
2.84708
2.57407
2.72265
2.81355
2.95988
2.88079
3.08617
2.8937
3.12574
3.0494
2.72589
3.11683
3.03323
2.5693
2.7014
3.0162
3.35792
2.76102
2.6427
3.0486
2.77992
3.09364
2.6133
2.71361
2.84301
2.6354
3.39722
3.04185
3.04026
2.61227
2.90597
2.97573
2.50805
2.93935
2.65725
2.87426
2.87846
2.59967
2.60344
2.81985
3.05251
3.05485
3.20766
3.00541
2.88826
3.06171
3.31541
3.15937
3.04478
2.46589
3.00842
3.14372
2.69401
3.15232
3.22982
2.65141
2.81943
2.88449
2.97541
2.68405
2.95241
2.90528
3.13617
2.5719
3.35962
2.94741
2.96844
2.75943
2.57159
3.30651
3.32235
2.89324
2.61486
3.02543
2.73739
2.72416
3.0822
3.38792
2.7248
3.12903
3.14117
3.13778
3.16663
2.8391
2.6271
3.25587
2.73576
2.68072
2.87105
2.93775
3.08934
2.44478
2.54526
2.98762
2.74074
3.11137
2.40457
2.57252
2.92193
2.28747
3.08546
2.79767
3.21777
3.0857
2.92566
2.93311
3.1529
2.60793
3.01655
2.59357
2.90262
3.15559
2.56739
2.52047
3.06422
3.09318
2.61694
2.75156
2.64178
2.77019
2.82338
2.70087
3.04347
2.54328
2.44606
2.91279
2.83988
2.56087
2.99809
2.9711
3.20746
3.30576
2.99345
2.97433
3.12543
3.0363
2.75526
2.15595
2.71278
2.90155
2.48574
2.77951
3.21384
2.76222
3.40366
3.04701
2.72077
3.00498
2.77082
2.89937
2.35498
3.17157
3.0163
2.88175
2.74785
3.01882
2.78016
2.78787
2.50981
2.70887
2.80154
3.1368
3.20218
2.4406
3.67105
2.82669
2.61408
2.78733
2.94012
3.06029
2.42438
2.87837
3.18631
2.62283
2.6186
3.50963
2.92675
2.7753
2.89826
2.45389
2.4825
2.99975
2.87714
2.62437
3.09631
2.84128
3.3486
2.57048
2.62389
2.66807
2.93006
2.67659
2.87829
2.69527
2.43642
2.98157
2.90456
2.99732
2.79358
2.8794
2.73034
2.57519
3.44259
2.57424
2.91445
2.7754
2.50799
2.62688
2.77103
3.0425
3.13902
3.23625
2.97253
2.92266
2.70891
3.10684
2.93429
3.00994
2.92431
2.69649
2.71832
2.80127
3.15249
3.02836
2.66398
3.04212
3.15251
2.51405
2.86549
2.96864
2.85014
2.99028
3.34438
3.40216
3.0128
2.6117
2.98143
2.71916
2.88745
2.80114
3.14256
3.02519
2.94048
2.92397
2.83588
2.53076
3.08601
2.97881
2.72407
2.91196
3.21138
2.95619
2.95506
3.36841
2.75763
2.86303
2.65895
2.85089
2.80749
2.851
2.91728
3.05039
3.25005
2.91527
2.80248
3.027
2.96242
2.92706
2.98864
3.31832
2.64541
2.72312
2.86305
3.12805
2.97808
2.87778
3.23627
2.94565
3.35975
3.03029
2.95061
2.47374
2.97832
3.01523
2.46565
2.889
2.75909
2.90844
2.54234
3.15768
2.64331
2.85914
3.06977
2.87219
3.07522
2.66628
3.16876
2.90405
2.69417
3.06323
2.68728
3.16076
2.63261
2.88859
2.61582
2.77821
3.05274
3.11294
3.01362
3.27933
3.04196
2.97453
2.90458
2.96054
2.59318
2.94032
3.22923
2.64702
2.69361
3.16732
2.90302
2.87401
2.81017
3.43412
2.90543
2.32293
2.65314
2.94045
3.06559
2.84257
3.07778
3.26141
2.85939
2.35961
2.69567
2.83602
2.7528
2.75047
2.93534
2.86675
2.85519
2.73582
2.39519
2.87676
2.75131
2.78793
3.14254
2.75761
2.62211
2.93428
2.80887
2.87416
2.87965
3.12959
2.40734
3.06086
2.67469
3.28149
2.7278
3.13366
2.89319
2.73966
3.20091
2.7523
2.86357
3.0582
2.8799
2.93982
2.42327
2.60029
2.64917
2.13702
2.86735
3.08625
2.35095
3.20297
2.85595
2.73793
2.91671
3.16353
2.81917
2.88714
2.82981
3.20436
2.74595
3.03732
2.84866
2.33449
3.27008
2.88469
2.73494
3.12046
2.61261
3.01666
2.78238
2.97179
2.70604
3.26699
3.0587
2.99446
2.54781
2.96805
3.15878
2.8555
2.93076
2.96271
2.92531
2.80661
3.43703
3.09313
2.35841
3.16522
2.56053
2.9827
2.82756
2.45119
2.11564
3.20618
2.91303
2.51002
3.00541
2.8232
2.88982
2.94181
2.56865
2.88229
2.49332
3.14732
2.95521
3.01839
2.22328
2.72983
2.51145
3.1713
2.99221
2.78825
2.95589
3.01245
2.63201
3.41506
2.60104
3.19619
3.23653
2.60236
2.84688
2.88969
2.5797
3.00274
3.24576
3.03491
2.54736
3.01176
2.97698
2.82636
2.56715
3.27326
2.68609
2.57433
2.77497
2.93204
3.02771
2.96527
2.69762
2.6015
2.43418
2.94067
3.00979
2.71975
2.93763
2.76221
2.80034
2.9202
3.14481
3.27292
2.48329
2.84391
3.15921
2.71266
2.96396
3.11919
2.8917
2.78886
2.85179
3.23804
3.1384
2.91343
2.70289
3.31966
3.06506
2.63698
2.4222
2.87358
2.80718
2.79384
2.88831
2.73751
2.77146
2.71334
3.06578
2.84088
2.53972
2.95275
3.26812
3.09418
2.98038
2.37268
2.44116
2.48458
2.92316
3.0907
3.01243
2.77317
2.61962
3.03395
3.03945
2.86726
2.75927
2.80444
2.7297
2.98583
2.77248
3.03716
2.7955
3.03261
3.45533
3.30325
2.94392
2.75448
3.15298
2.9494
2.90452
2.74664
2.87957
2.45644
2.95994
2.73058
3.46617
2.81444
2.58504
3.30805
2.51172
2.60013
2.97928
3.26378
2.86879
2.92124
2.65911
3.04207
2.58956
2.82882
2.8555
2.73197
2.77719
2.77885
2.83805
2.60928
2.8435
2.76295
2.56232
2.76639
2.82522
2.89846
3.08108
2.65664
2.43639
2.70876
2.54738
2.95953
2.65512
2.76193
2.75223
2.99846
2.62157
2.8267
2.63053
3.1406
2.77235
3.16347
3.15997
2.38524
2.89012
2.87959
3.19259
2.83942
2.51104
2.63571
3.02721
2.85701
3.18565
3.18408
3.22144
2.69103
3.18054
2.95825
3.2209
3.29938
2.54636
3.18336
2.48026
3.29511
2.64883
2.77226
2.81648
3.40403
2.84268
3.07095
2.73229
2.47658
2.94706
3.05939
2.783
2.55453
3.02695
3.04748
3.07967
2.54836
3.03646
3.4511
2.46033
2.80114
2.70679
2.97268
3.10777
2.91979
2.90343
2.95625
3.02128
3.23485
2.97553
2.70704
2.61642
2.65077
3.38341
2.48001
2.88708
3.21545
2.85131
2.71336
3.3121
2.45428
3.02217
2.61463
2.89616
2.92802
2.53432
2.95029
3.28725
2.87222
2.48137
3.30536
3.21134
2.72221
2.86524
2.71863
2.90879
3.41547
2.36478
2.98697
2.86225
3.36704
2.80783
2.96229
2.71679
3.03464
3.10911
2.59808
2.71854
2.50454
2.54086
2.64727
2.76461
3.034
2.88596
2.79673
2.47409
2.83927
2.8047
2.56578
2.79023
3.06576
2.85007
3.01255
2.84891
2.79742
3.13476
2.81922
2.63939
2.84661
3.02182
3.17988
2.78877
3.32543
2.92694
2.92829
2.87805
3.21322
2.78084
2.97491
2.94465
2.9332
2.56727
2.76234
2.49729
3.08433
3.30005
2.69063
2.8072
2.57447
2.89566
2.28548
3.09848
2.72751
3.22258
2.87545
2.82804
2.72213
2.64437
2.86853
2.78268
2.9775
2.29184
2.71548
2.48075
3.06198
2.57935
2.6138
3.19117
3.03671
3.43492
2.65776
2.94212
2.78294
2.9839
2.13081
2.82043
2.82707
2.75984
2.79639
3.23695
2.46996
2.53429
3.49863
2.39684
2.37957
2.76251
3.43972
3.11692
2.8364
2.83147
3.14543
3.00184
2.75665
2.62207
2.63645
2.86095
2.94018
3.18125
2.91571
3.23034
2.87532
3.33019
2.34566
2.78307
3.41039
3.03441
3.30088
3.0962
3.18833
3.02402
2.57427
3.01268
2.96292
2.8697
2.82802
2.72374
2.41528
2.56859
2.62999
3.28077
2.3476
2.91699
2.52246
2.79329
2.89134
2.50407
2.97153
3.67197
2.74185
3.23984
3.00307
2.62148
3.04757
2.80567
2.79058
2.72086
2.88726
2.84713
2.87321
3.17013
3.09625
2.60829
3.12111
3.0578
3.08949
3.08063
3.11879
2.83804
2.83746
2.78868
3.23987
3.11921
3.02231
2.91102
2.56887
2.57686
2.64181
2.8915
3.03002
2.95416
2.68163
2.94017
2.71852
2.93977
3.19982
2.74098
2.78905
2.80327
3.33022
2.21617
3.04055
2.77193
2.48842
2.81117
2.83914
2.78894
2.48443
2.96992
2.89705
2.66473
2.635
2.89005
2.72722
3.00336
3.09356
3.09921
2.60299
2.86978
2.72969
2.44629
2.41994
2.81827
2.74745
3.2861
2.38986
2.37192
3.21898
3.08425
2.87138
2.69857
2.54926
2.07281
3.13549
3.22171
2.82764
2.47104
2.72962
2.92893
2.81131
3.20174
2.89199
3.22358
2.92052
2.68661
2.63541
3.23928
2.7319
2.90681
3.02532
3.40204
3.22367
3.26545
3.15241
2.95296
3.10022
2.82751
2.94089
2.47099
2.85757
2.91374
3.04743
2.58126
2.69534
3.01224
3.1566
2.81694
2.86273
2.84844
2.83079
2.66451
3.2905
2.86256
2.8716
2.99536
3.10472
2.57664
2.86531
2.84835
2.67423
3.07675
2.92434
2.51459
2.45205
2.60855
3.36891
2.99012
2.80296
3.10209
3.05379
2.51474
2.79242
2.70529
2.88415
2.99519
2.58785
2.69688
3.19763
2.5684
2.75526
2.61171
2.81667
2.84033
2.99958
3.30037
2.66702
2.95195
2.71452
3.07252
3.40199
3.08969
3.35767
3.06509
2.51454
3.11305
2.7607
2.76034
2.88861
2.97639
2.29573
2.85376
3.00727
2.82404
2.68775
2.86856
3.55384
3.42615
3.06734
2.78223
2.95629
2.67983
2.56741
3.20687
2.58839
2.75622
2.93289
2.98411
2.59762
3.06588
2.62563
3.38093
2.68011
2.58126
2.77958
2.74076
3.03427
2.67647
2.74121
2.72981
3.03519
2.56616
2.80681
2.76208
2.43612
3.26629
2.78079
2.75934
2.70457
3.14567
2.77861
2.90524
2.53045
2.98544
2.47725
2.89741
2.63514
2.98901
3.167
2.94603
2.72189
3.43536
2.71881
2.89948
2.64675
3.17484
2.68737
2.77642
3.17467
3.29258
2.61732
2.993
2.80573
3.11961
2.84899
3.18849
2.889
3.0716
3.04381
3.27827
2.62428
2.90712
2.99831
3.12258
2.71072
2.53152
2.66538
2.60679
3.01469
3.23146
2.87572
2.98321
2.95196
2.57051
3.17803
2.84896
2.60037
2.82348
3.24598
2.9834
2.3139
3.34933
2.77959
3.25212
2.99724
3.43627
2.80622
3.21796
2.5618
2.974
2.44398
3.29942
2.59725
3.50769
2.69864
3.03404
2.95314
2.9255
2.70264
3.02616
3.15663
2.92968
2.77343
3.20412
2.76452
3.39695
2.76734
2.86331
3.05544
3.05741
2.78878
3.22377
2.85012
3.1405
2.81034
3.06416
2.90554
2.78665
3.30385
2.66582
2.62844
3.00739
3.00309
2.41004
2.82292
2.84834
3.20402
2.54014
2.79676
2.96207
2.75978
3.18081
3.06735
2.75202
2.98166
3.08011
2.5953
2.72479
2.78471
2.86064
2.78969
2.80298
3.19129
2.85869
2.9034
2.90723
2.68193
3.03162
2.91229
2.90917
2.64343
2.97154
2.93697
2.73137
2.59198
3.02205
2.78557
3.01138
3.12265
3.168
3.20962
3.04835
2.95501
2.54897
2.79184
2.97339
2.60114
3.16166
3.17033
3.38088
2.86698
2.2775
3.01952
2.43338
2.83916
2.9222
2.75197
2.52994
2.67765
2.76717
2.49398
2.78368
3.06981
3.17787
3.16356
3.08598
2.93037
2.97304
2.86319
2.52826
2.14151
2.66086
2.62611
3.27802
2.80969
2.65445
2.95876
2.69763
2.92634
3.01012
3.29257
3.41165
2.51662
3.05899
2.99362
3.01125
2.8344
2.80127
3.02889
2.92793
3.31888
2.72214
2.86577
2.34544
2.79894
2.72915
3.12147
2.53275
3.04929
2.99726
2.88814
2.95817
2.84194
